-74.767,3.250,380,0,0
1,2013,1,19634.59,22.75,30.85,-99,-99,0.1
1,2013,2,16599.78,21.03,31.03,-99,-99,0.8
1,2013,3,18583.58,23.93,32.03,-99,-99,0
1,2013,4,17435.26,23.12,31.32,-99,-99,24.6
1,2013,5,17942.74,24.1,33.2,-99,-99,0
1,2013,6,15174.54,22.98,29.88,-99,-99,0.5
1,2013,7,16434.25,22.6,30.1,-99,-99,0
1,2013,8,20673.48,22.13,31.63,-99,-99,0
1,2013,9,13739.52,23.43,28.03,-99,-99,0
1,2013,10,19106.94,22.82,33.57,-99,-99,0
1,2013,11,18756.12,22.1,32.8,-99,-99,1
1,2013,12,16323.61,23.26,30.86,-99,-99,0
1,2013,13,17659.68,23.35,31.9,-99,-99,0
1,2013,14,19325.59,22.95,34.05,-99,-99,0.1
1,2013,15,20912.16,23.75,34.7,-99,-99,0
1,2013,16,18889.28,23.1,33.85,-99,-99,0
1,2013,17,18440.35,22.9,32.85,-99,-99,0.5
1,2013,18,16332.73,21.3,30.95,-99,-99,5.3
1,2013,19,15288.83,22.75,32.25,-99,-99,0.2
1,2013,20,15306.86,23.15,32.35,-99,-99,0.3
1,2013,21,17405.47,23.35,31.45,-99,-99,0.2
1,2013,22,14609.13,23,32,-99,-99,0
1,2013,23,14374.75,22.2,30.3,-99,-99,9.6
1,2013,24,13145.15,22.3,30.8,-99,-99,0.3
1,2013,25,17870.62,22.1,32.55,-99,-99,1
1,2013,26,18029.28,21.9,32.8,-99,-99,0.1
1,2013,27,21281.76,21.6,33.95,-99,-99,1.3
1,2013,28,12515.93,23,31.2,-99,-99,21.7
1,2013,29,18914.52,23.25,33.75,-99,-99,0.1
1,2013,30,15809.88,23.3,32.25,-99,-99,0
1,2013,31,21204.24,22.45,36,-99,-99,0
1,2013,32,16664.75,24.17,31.67,-99,-99,0
1,2013,33,15595.14,24.45,31.85,-99,-99,0.2
1,2013,34,16939.08,23.9,30.7,-99,-99,0
1,2013,35,14847.87,24.7,31.5,-99,-99,0
1,2013,36,16514.82,23.4,31.6,-99,-99,3.8
1,2013,37,16590.78,24.58,31.38,-99,-99,0
1,2013,38,17725.29,24.72,32.52,-99,-99,0
1,2013,39,20577.87,24.25,34.65,-99,-99,0
1,2013,40,17889.57,26.22,35.62,-99,-99,0
1,2013,41,18978.4,25.06,35.26,-99,-99,0
1,2013,42,19066.93,24.32,35.02,-99,-99,0
1,2013,43,18641.84,24.85,32.95,-99,-99,2
1,2013,44,20347.85,23.2,32.3,-99,-99,0
1,2013,45,21862.31,22.8,32.2,-99,-99,0
1,2013,46,21507.13,22.7,33.4,-99,-99,0
1,2013,47,14418.17,22.9,33.3,-99,-99,0
1,2013,48,16845,24.92,32.5,-99,-99,0.4
1,2013,49,21942.07,25.05,37.45,-99,-99,0
1,2013,50,25852.67,25.91,34.65,-99,-99,0
1,2013,51,21411.43,25.24,34.8,-99,-99,0
1,2013,52,18084.55,25.59,34.99,-99,-99,0
1,2013,53,20853.26,24.25,36.65,-99,-99,0
1,2013,54,18888.81,24.5,32.9,-99,-99,0
1,2013,55,20002.71,25.73,34.83,-99,-99,0
1,2013,56,18902.85,25.41,34.61,-99,-99,0
1,2013,57,19144.32,24.76,35.56,-99,-99,0
1,2013,58,13599.49,24.63,31.8,-99,-99,0.2
1,2013,59,21837.07,23.94,34.15,-99,-99,0.1
1,2013,60,18602.17,24.01,33.21,-99,-99,0
1,2013,61,18455.27,24.3,30.6,-99,-99,0.2
1,2013,62,14664.93,23.44,29.64,-99,-99,0
1,2013,63,12929.69,22.97,28.57,-99,-99,6.6
1,2013,64,19193.97,22.4,29,-99,-99,29.6
1,2013,65,15138.5,24.2,30,-99,-99,0.2
1,2013,66,16425.11,24.09,31.29,-99,-99,0
1,2013,67,18025.92,23.94,32.34,-99,-99,0
1,2013,68,14465.27,23.41,30.41,-99,-99,1.8
1,2013,69,18607.99,22.91,33.71,-99,-99,0
1,2013,70,16720,22.82,32.02,-99,-99,0
1,2013,71,16481.59,23.51,31.51,-99,-99,38
1,2013,72,18579.93,23.67,33.87,-99,-99,0
1,2013,73,20816.7,22.8,34.6,-99,-99,0
1,2013,74,18114.02,21.56,33.55,-99,-99,0
1,2013,75,16822.26,23.13,31.33,-99,-99,0
1,2013,76,15700.64,22.41,29.61,-99,-99,0
1,2013,77,16782.76,22.29,29.49,-99,-99,0
1,2013,78,13384.83,22.3,27.9,-99,-99,2
1,2013,79,16527.44,22.73,34,-99,-99,0
1,2013,80,15048.87,23.8,30.1,-99,-99,2
1,2013,81,14091.97,22.34,27.94,-99,-99,3
1,2013,82,14914.72,22.38,29.78,-99,-99,0
1,2013,83,16100.26,23.31,31.31,-99,-99,5
1,2013,84,14897.6,23.83,29.25,-99,-99,0
1,2013,85,18041.5,22.79,30.99,-99,-99,0
1,2013,86,18460.88,22.71,32.31,-99,-99,0
1,2013,87,16457.71,23.56,30.16,-99,-99,2.2
1,2013,88,18065.67,22.57,31.37,-99,-99,0
1,2013,89,20041.35,23.56,34.3,-99,-99,0
1,2013,90,19293.79,22.69,30.69,-99,-99,4.3
1,2013,91,19433.84,23.5,34.5,-99,-99,0
1,2013,92,17564.65,23.89,33.09,-99,-99,0
1,2013,93,21720.14,22.36,34.36,-99,-99,0
1,2013,94,18875.43,23.52,33.52,-99,-99,0.8
1,2013,95,17859.81,23.91,31.6,-99,-99,2.4
1,2013,96,19753.18,20.97,33.77,-99,-99,0
1,2013,97,19502.44,22.32,35.02,-99,-99,0.9
1,2013,98,16277.73,24.56,31.86,-99,-99,0
1,2013,99,20473.9,22.97,35.77,-99,-99,0
1,2013,100,19269.5,23.23,33.63,-99,-99,0
1,2013,101,19572.39,23.39,35.79,-99,-99,0
1,2013,102,20923.4,21.68,35.08,-99,-99,0
1,2013,103,15269.91,25.04,32.04,-99,-99,0
1,2013,104,14609.81,25.74,31.14,-99,-99,0
1,2013,105,17920.2,22.96,31.86,-99,-99,0.4
1,2013,106,23301.04,23.88,34.9,-99,-99,0
1,2013,107,21251.62,22.99,35.69,-99,-99,0
1,2013,108,22756.56,24.75,35.85,-99,-99,0
1,2013,109,20928.89,24.36,36.36,-99,-99,0
1,2013,110,18331.68,24.49,33.29,-99,-99,0
1,2013,111,19044.93,24.24,33.9,-99,-99,0
1,2013,112,16297.27,24.02,34,-99,-99,0
1,2013,113,20018.48,23.96,32.8,-99,-99,2
1,2013,114,14923.14,24.08,32.8,-99,-99,0.4
1,2013,115,19367.37,23.47,36.27,-99,-99,0
1,2013,116,17741.47,23.3,34.2,-99,-99,0
1,2013,117,22028.3,23.12,36.1,-99,-99,0
1,2013,118,21146.55,23.62,33.95,-99,-99,0
1,2013,119,18086.98,23.44,32.6,-99,-99,0.9
1,2013,120,20445.21,24.41,33.45,-99,-99,0
1,2013,121,15785.01,24.99,32.19,-99,-99,0
1,2013,122,16756.92,23.62,30.12,-99,-99,0
1,2013,123,18139.29,22.85,32.45,-99,-99,1.2
1,2013,124,16553.37,24.37,31.97,-99,-99,0
1,2013,125,13082.05,23.01,28.8,-99,-99,1.2
1,2013,126,18322.96,22.27,32.87,-99,-99,0
1,2013,127,20391.17,22.76,34.16,-99,-99,0.6
1,2013,128,17003.98,24.29,30.79,-99,-99,0
1,2013,129,9598.79,23.7,28.9,-99,-99,0
1,2013,130,22644.78,22.6,32.3,-99,-99,1.8
1,2013,131,22410.4,24.3,30.6,-99,-99,0.2
1,2013,132,21869.52,24.1,33.6,-99,-99,0
1,2013,133,14957.09,23.7,31.3,-99,-99,0.6
1,2013,134,16586.94,23.9,33.7,-99,-99,0.6
1,2013,135,11412.54,23.4,28.8,-99,-99,3.6
1,2013,136,19871.87,24.7,33.8,-99,-99,0
1,2013,137,15050.84,24.2,28.2,-99,-99,0
1,2013,138,22752.95,24.4,34.3,-99,-99,0
1,2013,139,12582.38,23.3,32.72,-99,-99,0.8
1,2013,140,19305.76,22.8,32.5,-99,-99,0
1,2013,141,12916.18,24.4,29.8,-99,-99,0.2
1,2013,142,17596.58,23.8,32.6,-99,-99,0.4
1,2013,143,16078.51,23.7,30.2,-99,-99,1.2
1,2013,144,16374.19,23.7,29.2,-99,-99,4.8
1,2013,145,22284.19,23.3,32.7,-99,-99,0.2
1,2013,146,12905.36,23.3,29.4,-99,-99,1.6
1,2013,147,18927.14,24,33,-99,-99,0
1,2013,148,12223.85,23.8,28.7,-99,-99,0
1,2013,149,16410.25,22.9,30.8,-99,-99,0
1,2013,150,20145.92,23.3,31.3,-99,-99,0
1,2013,151,17113.39,24.3,32.9,-99,-99,0.2
1,2013,152,18366.62,23.47,32.67,-99,-99,0
1,2013,153,21150.7,23.24,35.64,-99,-99,1.4
1,2013,154,19970.65,22.77,35.47,-99,-99,0
1,2013,155,19111.28,22.79,33.49,-99,-99,0
1,2013,156,16518.43,24,30.7,-99,-99,0.1
1,2013,157,16679.27,23.43,31.63,-99,-99,0
1,2013,158,16801.85,23.17,31.37,-99,-99,0
1,2013,159,19822.99,22.67,33.67,-99,-99,0
1,2013,160,18474.59,22.43,33.73,-99,-99,0
1,2013,161,20462.22,22.71,35.41,-99,-99,0
1,2013,162,21746.02,21.77,34.47,-99,-99,0
1,2013,163,19036.02,23.58,34.08,-99,-99,0
1,2013,164,18905.23,22.78,33.78,-99,-99,0
1,2013,165,17896.44,22.95,31.75,-99,-99,3.8
1,2013,166,16557.26,23.95,31.25,-99,-99,0
1,2013,167,16214.03,23.39,31.69,-99,-99,1.4
1,2013,168,19577.54,23.21,31.91,-99,-99,0.1
1,2013,169,18490.03,22.93,32.93,-99,-99,0
1,2013,170,19054.19,22.98,33.78,-99,-99,0
1,2013,171,21108.22,22.44,34.84,-99,-99,0
1,2013,172,19329.62,22.64,33.94,-99,-99,0
1,2013,173,18622.64,22.85,33.85,-99,-99,0
1,2013,174,18786.02,23.61,34.61,-99,-99,0
1,2013,175,18502.29,23.09,32.89,-99,-99,0
1,2013,176,16776.2,23.84,31.14,-99,-99,0
1,2013,177,15346.84,23.16,30.46,-99,-99,4
1,2013,178,16417.85,23.9,31.2,-99,-99,0
1,2013,179,19677.63,22.78,30.88,-99,-99,0.2
1,2013,180,13851.26,24.09,29.59,-99,-99,0
1,2013,181,13002.72,22.76,28.26,-99,-99,7
1,2013,182,18540.62,23.42,32.12,-99,-99,0
1,2013,183,17399.99,23.81,33.41,-99,-99,0
1,2013,184,18546.75,23.4,33.7,-99,-99,0
1,2013,185,20170.74,21.81,35.31,-99,-99,0
1,2013,186,13593.25,21.7,34.67,-99,-99,44
1,2013,187,17931.34,23.67,32.47,-99,-99,0
1,2013,188,17000.46,23.21,31.61,-99,-99,1.6
1,2013,189,19071.32,22.28,32.68,-99,-99,0
1,2013,190,17993.61,22.57,32.67,-99,-99,0
1,2013,191,15910.79,23.74,30.14,-99,-99,0.2
1,2013,192,19278.63,21.44,33.64,-99,-99,0
1,2013,193,19863.11,23.11,34.61,-99,-99,0
1,2013,194,18174,22.86,32.96,-99,-99,0
1,2013,195,18682.51,23.3,32.9,-99,-99,0
1,2013,196,20044.11,22.8,34.3,-99,-99,0
1,2013,197,17848.35,22.77,32.37,-99,-99,0.4
1,2013,198,18385.39,22.63,31.43,-99,-99,2.4
1,2013,199,16517.87,21.92,29.32,-99,-99,0.4
1,2013,200,17993.87,23.1,31,-99,-99,0
1,2013,201,17550.63,23.72,33.02,-99,-99,0.4
1,2013,202,16672.74,22.68,29.08,-99,-99,0
1,2013,203,15822.54,22.48,28.88,-99,-99,0.9
1,2013,204,20719.23,21.83,33.33,-99,-99,0
1,2013,205,17610.82,21.76,29.66,-99,-99,38.4
1,2013,206,18536.14,22.81,32.41,-99,-99,0
1,2013,207,19753.83,23.5,32,-99,-99,0
1,2013,208,18249.7,22.03,32.33,-99,-99,0.4
1,2013,209,19222.94,23.96,32.66,-99,-99,0
1,2013,210,18905.97,23.68,35.68,-99,-99,0
1,2013,211,20844.95,23.37,34.87,-99,-99,0
1,2013,212,20681.3,22.6,35,-99,-99,0.4
1,2013,213,20635.04,22.49,34.69,-99,-99,0
1,2013,214,18586.54,23.18,33.48,-99,-99,0
1,2013,215,20688.25,22.59,34.69,-99,-99,0
1,2013,216,19958.04,22.07,33.97,-99,-99,0
1,2013,217,19651.92,22.8,31.9,-99,-99,0.2
1,2013,218,20976.52,22.76,34.96,-99,-99,0
1,2013,219,21089.69,21.61,34.61,-99,-99,0.4
1,2013,220,17993.3,21.45,35.35,-99,-99,0
1,2013,221,20715.79,22.94,36.84,-99,-99,0
1,2013,222,19334.66,22.97,37.07,-99,-99,0
1,2013,223,21325.22,23.26,37.16,-99,-99,0
1,2013,224,19017.95,22.19,36.09,-99,-99,0
1,2013,225,21358.94,22.43,35.23,-99,-99,0
1,2013,226,19972.78,23.11,35.01,-99,-99,0
1,2013,227,20650.3,23.35,34.85,-99,-99,0
1,2013,228,21652.08,22.29,34.39,-99,-99,0.2
1,2013,229,19096.06,22.86,33.56,-99,-99,0
1,2013,230,20289.43,22.19,35.19,-99,-99,0
1,2013,231,20443.8,22.39,35.19,-99,-99,0
1,2013,232,20714.83,22.93,35.73,-99,-99,0
1,2013,233,21596.96,23.31,37.41,-99,-99,0
1,2013,234,19622.74,23.97,34.27,-99,-99,0
1,2013,235,20418.88,23.63,35.13,-99,-99,0
1,2013,236,19613.59,22.73,33.43,-99,-99,0
1,2013,237,21218.13,22.87,34.97,-99,-99,0
1,2013,238,19400.91,23.88,32.98,-99,-99,0
1,2013,239,20410.75,22.51,35.61,-99,-99,0
1,2013,240,19313.59,23.15,33.45,-99,-99,0
1,2013,241,18781.66,22.79,34.09,-99,-99,0
1,2013,242,21607.04,22.5,34.6,-99,-99,0
1,2013,243,17924.53,23.7,34,-99,-99,0
1,2013,244,20476.84,22.78,36.88,-99,-99,0
1,2013,245,20802.16,24.21,34.71,-99,-99,0
1,2013,246,18386.66,23.63,35.93,-99,-99,0
1,2013,247,15523.21,24.22,35.1,-99,-99,0
1,2013,248,20683.26,23.02,36.12,-99,-99,0
1,2013,249,20727.17,22.58,32.18,-99,-99,0
1,2013,250,20635.34,24.05,35.35,-99,-99,0
1,2013,251,20182.71,24.27,34.67,-99,-99,0
1,2013,252,20950.17,23.29,36.59,-99,-99,0
1,2013,253,22163.93,22.89,38.29,-99,-99,0
1,2013,254,21508.68,24.1,37.4,-99,-99,0
1,2013,255,19376.69,24.8,33.2,-99,-99,0.2
1,2013,256,19015.35,24.25,32.25,-99,-99,0
1,2013,257,20392.84,24.69,34.79,-99,-99,0
1,2013,258,20520.81,23.84,35.44,-99,-99,0
1,2013,259,21613.67,23.68,37.78,-99,-99,0
1,2013,260,19935.52,24.53,35.03,-99,-99,0
1,2013,261,18256.54,24.67,33.77,-99,-99,0
1,2013,262,20080.9,24.43,35.43,-99,-99,0.6
1,2013,263,18981.7,24.75,34.35,-99,-99,0
1,2013,264,18943.36,24.89,34.39,-99,-99,0
1,2013,265,23224.03,23.61,39.31,-99,-99,0
1,2013,266,20168.18,23.57,35.27,-99,-99,0
1,2013,267,21523.66,23.68,38.28,-99,-99,0
1,2013,268,18075.39,25.7,33.7,-99,-99,0
1,2013,269,20752.7,23.4,34.4,-99,-99,6
1,2013,270,17898.83,24.57,34.07,-99,-99,0.2
1,2013,271,16906.99,25.71,33.41,-99,-99,0
1,2013,272,17181.11,24.79,33.89,-99,-99,0
1,2013,273,21203.04,22.89,35.19,-99,-99,0
1,2013,274,18578.07,25.26,33.01,-99,-99,0
1,2013,275,15935.89,25.39,32.79,-99,-99,0
1,2013,276,16566.79,23.05,31.25,-99,-99,16.2
1,2013,277,14726.32,24.9,33.8,-99,-99,0
1,2013,278,18351.3,23.73,35.53,-99,-99,0
1,2013,279,16721.2,23.31,31.21,-99,-99,0
1,2013,280,15705.48,24.11,31.31,-99,-99,0.2
1,2013,281,15568.64,25.21,32.41,-99,-99,0
1,2013,282,17912.12,25.29,33.39,-99,-99,0
1,2013,283,16778.85,23.28,31.28,-99,-99,0
1,2013,284,14230.86,23.24,30.29,-99,-99,5.2
1,2013,285,19126.88,22.27,32.67,-99,-99,0
1,2013,286,18581.04,22.27,33.77,-99,-99,5.8
1,2013,287,18705.76,23.08,33.98,-99,-99,0.2
1,2013,288,18200.89,23.5,33.4,-99,-99,0
1,2013,289,19024.88,24.67,32.77,-99,-99,0
1,2013,290,19567.78,24.17,32.27,-99,-99,0
1,2013,291,18694.37,23.98,32.18,-99,-99,3.4
1,2013,292,17315.77,23.86,31.61,-99,-99,0.8
1,2013,293,20922.7,24.09,36.09,-99,-99,0
1,2013,294,19985.48,22.97,34.32,-99,-99,6.4
1,2013,295,17037.46,23.13,32.33,-99,-99,11.2
1,2013,296,16354.21,24.09,31.14,-99,-99,0.2
1,2013,297,16706.94,23.74,31.44,-99,-99,0
1,2013,298,17803.34,24.86,32.86,-99,-99,0
1,2013,299,17183.61,24.9,33.4,-99,-99,0
1,2013,300,20890.17,22.58,34.58,-99,-99,0
1,2013,301,17822.18,23.87,31.97,-99,-99,0
1,2013,302,18431.14,21.59,32.29,-99,-99,0.2
1,2013,303,16932.23,23.41,31.51,-99,-99,8.6
1,2013,304,19836.3,23.51,32.01,-99,-99,0
1,2013,305,15136.99,23.28,30.48,-99,-99,0.2
1,2013,306,15973.32,23.19,30.59,-99,-99,68.6
1,2013,307,20248.28,22.02,31.02,-99,-99,24.4
1,2013,308,22226.5,23.2,36.7,-99,-99,0
1,2013,309,17440.31,23.68,31.98,-99,-99,0
1,2013,310,17020.68,24.42,31.12,-99,-99,0
1,2013,311,17640.58,24.62,32.22,-99,-99,0
1,2013,312,15994.94,24,31,-99,-99,0
1,2013,313,18403.56,23.42,32.52,-99,-99,0
1,2013,314,17593.24,24.29,30.49,-99,-99,0.8
1,2013,315,21216.1,23.33,35.23,-99,-99,0
1,2013,316,19774.41,22.1,33.95,-99,-99,6.2
1,2013,317,19652.51,24.01,34.46,-99,-99,0.4
1,2013,318,20960.46,24.18,34.78,-99,-99,0
1,2013,319,20593.92,24.24,36.04,-99,-99,0
1,2013,320,20224.29,24.15,34.35,-99,-99,0
1,2013,321,20626.75,24.12,34.82,-99,-99,0
1,2013,322,17707.9,22.99,32.39,-99,-99,9.2
1,2013,323,18914.61,23.2,33.3,-99,-99,0
1,2013,324,17249.55,23.02,32.12,-99,-99,19.4
1,2013,325,19506.8,21.98,33.83,-99,-99,0
1,2013,326,19909.71,23.2,32.2,-99,-99,0
1,2013,327,20040.38,23.92,34.32,-99,-99,9.4
1,2013,328,21633.24,23.86,35.76,-99,-99,0
1,2013,329,18780.15,24.25,32.75,-99,-99,10.2
1,2013,330,18749.9,22.97,33.67,-99,-99,22.2
1,2013,331,17313.05,23.78,31.58,-99,-99,0
1,2013,332,16079.47,23.09,29.69,-99,-99,11.8
1,2013,333,16192.95,23.55,31,-99,-99,0
1,2013,334,14779.78,22.99,29.69,-99,-99,0
1,2013,335,16349.23,23.5,31.2,-99,-99,0
1,2013,336,18954.99,21.93,30.53,-99,-99,0
1,2013,337,16002.82,22.45,29.95,-99,-99,0.2
1,2013,338,20957.24,26.1,36.4,-99,-99,0
1,2013,339,19066.27,22.58,33.98,-99,-99,0
1,2013,340,20981.47,23.02,35.82,-99,-99,0.2
1,2013,341,22089.22,21.73,37.13,-99,-99,0
1,2013,342,15720.55,22.89,31.29,-99,-99,0
1,2013,343,20116.97,22.41,36.61,-99,-99,0.2
1,2013,344,17776.05,24.15,30.65,-99,-99,10.4
1,2013,345,20703.58,24.02,37.02,-99,-99,0
1,2013,346,19959.47,23.52,34.22,-99,-99,0
1,2013,347,21021.68,24.23,34.73,-99,-99,0
1,2013,348,20770.13,22.34,36.64,-99,-99,10.4
1,2013,349,17952.78,21.51,32.81,-99,-99,0
1,2013,350,19648.53,22.02,31.62,-99,-99,24.2
1,2013,351,19761.34,19.59,34.09,-99,-99,0
1,2013,352,16607.54,24.17,33.77,-99,-99,0
1,2013,353,21560.86,22.9,37.2,-99,-99,0
1,2013,354,19536.35,20.76,35.26,-99,-99,0
1,2013,355,22584.49,22.04,36.84,-99,-99,0
1,2013,356,21330.04,22.7,35.1,-99,-99,0
1,2013,357,21781.51,23.49,38.19,-99,-99,0
1,2013,358,21040.38,22.01,34.41,-99,-99,0
1,2013,359,18419.34,22.64,30.94,-99,-99,0
1,2013,360,19358.01,22.63,33.93,-99,-99,5
1,2013,361,19287.53,22.03,30.83,-99,-99,0
1,2013,362,13615.03,21.93,28.03,-99,-99,37.8
1,2013,363,17233.84,23.66,31.36,-99,-99,0
1,2013,364,19590.37,21.29,35.79,-99,-99,0
1,2013,365,18695.56,24.61,35.01,-99,-99,0
