-74.767,3.250,380,0,0
1,2014,1,16261.99,23.33,30.93,-99,-99,0
1,2014,2,18003.21,22.07,32.47,-99,-99,1
1,2014,3,18096.96,22.88,30.98,-99,-99,0
1,2014,4,22057.67,25.21,37.56,-99,-99,0
1,2014,5,21215.17,23.99,34.69,-99,-99,0
1,2014,6,19081.37,23.56,34.06,-99,-99,0
1,2014,7,19726.98,25.61,34.81,-99,-99,0
1,2014,8,17028.8,22.33,32.33,-99,-99,0
1,2014,9,20154.66,25.27,36.02,-99,-99,0
1,2014,10,18881.7,24.6,34.4,-99,-99,0
1,2014,11,16708.05,24.32,33.82,-99,-99,0
1,2014,12,19771.95,23,33.5,-99,-99,27.6
1,2014,13,21196.76,26.2,36.9,-99,-99,0
1,2014,14,18807.91,25.19,35.69,-99,-99,0
1,2014,15,19403.51,25.24,35.74,-99,-99,0
1,2014,16,19923.33,20.53,35.53,-99,-99,0
1,2014,17,19018.08,23.07,31.57,-99,-99,0
1,2014,18,19104.87,21.16,30.46,-99,-99,0.5
1,2014,19,13849.71,23.45,28.05,-99,-99,0
1,2014,20,17728.4,22.09,30.29,-99,-99,7.4
1,2014,21,19595.95,23.06,30.86,-99,-99,0
1,2014,22,19738.5,23.1,30.9,-99,-99,0.1
1,2014,23,19185.33,21.79,32.29,-99,-99,0
1,2014,24,19674.02,21.97,32.17,-99,-99,0
1,2014,25,17956.04,22.01,30.31,-99,-99,0.2
1,2014,26,17171.33,23.85,31.65,-99,-99,0
1,2014,27,13583.41,24.87,29.47,-99,-99,0
1,2014,28,16814.05,23.87,31.67,-99,-99,27
1,2014,29,18546.67,23.43,32.23,-99,-99,0
1,2014,30,16818.2,23.67,31.97,-99,-99,0
1,2014,31,17807.95,22.87,32.82,-99,-99,0
1,2014,32,18490.5,23.9,33.5,-99,-99,0
1,2014,33,20191.26,24.72,36.92,-99,-99,0
1,2014,34,19068.78,24.43,32.73,-99,-99,0
1,2014,35,19246.83,23.79,33.69,-99,-99,2
1,2014,36,17263.73,25.1,33.8,-99,-99,0
1,2014,37,19124.43,26.71,35.81,-99,-99,0
1,2014,38,17506.35,25.1,33.8,-99,-99,0
1,2014,39,20687.88,24.25,34.65,-99,-99,0
1,2014,40,18937.09,24.8,33.1,-99,-99,0
1,2014,41,18781.32,25.24,34.84,-99,-99,0
1,2014,42,19679.94,24.94,33.24,-99,-99,3.2
1,2014,43,24905.65,23.1,36.2,-99,-99,0
1,2014,44,24256.6,23.1,32.7,-99,-99,0
1,2014,45,24090.73,24.49,33.8,-99,-99,0
1,2014,46,24945.31,24.2,36.4,-99,-99,0
1,2014,47,21995.72,25.6,34.4,-99,-99,0
1,2014,48,24829.93,24,34.8,-99,-99,0
1,2014,49,21299.79,26.1,35.3,-99,-99,0
1,2014,50,24314.29,23.6,32.1,-99,-99,0
1,2014,51,19550.95,25.1,33.2,-99,-99,0
1,2014,52,14993.15,24.3,32,-99,-99,0
1,2014,53,23037.82,22.9,33.3,-99,-99,0
1,2014,54,24566.7,23.9,33.9,-99,-99,0
1,2014,55,15833.32,25.3,34.9,-99,-99,0
1,2014,56,14429.77,23.8,29.4,-99,-99,11
1,2014,57,18335.78,23.8,32.5,-99,-99,0.2
1,2014,58,10377.65,24.6,30.7,-99,-99,0.6
1,2014,59,19363.45,23.1,31.8,-99,-99,0.2
1,2014,60,18195.15,23.1,28.9,-99,-99,0.6
1,2014,61,19572.59,23.1,31.2,-99,-99,0.2
1,2014,62,16157.84,23.8,31.4,-99,-99,2.2
1,2014,63,21707.26,21.9,31.3,-99,-99,3.4
1,2014,64,16879.01,23.2,32.8,-99,-99,0.2
1,2014,65,21876.73,24.3,32.3,-99,-99,0
1,2014,66,17365.8,24.5,31.9,-99,-99,0
1,2014,67,19540.14,22.4,32.7,-99,-99,0
1,2014,68,18775.69,22.4,31.4,-99,-99,6.6
1,2014,69,14798.43,23.3,30,-99,-99,4.8
1,2014,70,19273.3,24,32.7,-99,-99,0
1,2014,71,21436.82,25.4,32.2,-99,-99,0
1,2014,72,21873.13,23.1,31.7,-99,-99,0.4
1,2014,73,19706.01,21.3,32.1,-99,-99,5.4
1,2014,74,11643.31,23.8,30.1,-99,-99,1.8
1,2014,75,16904.26,24,32.6,-99,-99,0.2
1,2014,76,22514.97,24.2,34.4,-99,-99,0
1,2014,77,20347.85,24.2,31.5,-99,-99,0
1,2014,78,15231.14,24.2,32.2,-99,-99,2.2
1,2014,79,21736.1,23.3,35.3,-99,-99,0
1,2014,80,21552.2,22.6,35.8,-99,-99,0
1,2014,81,17030.46,22.9,32.8,-99,-99,0
1,2014,82,16961.95,22.7,33.6,-99,-99,0.2
1,2014,83,19273.3,24.3,34.2,-99,-99,0
1,2014,84,16168.66,24.4,33.2,-99,-99,0
1,2014,85,14275.59,24.7,30.4,-99,-99,1.4
1,2014,86,19742.06,23.5,32.8,-99,-99,0
1,2014,87,11917.36,22.9,32.1,-99,-99,0
1,2014,88,20531.75,22.8,36.9,-99,-99,0
1,2014,89,21177.19,24.7,33.6,-99,-99,0
1,2014,90,22918.82,25.9,33.9,-99,-99,0
1,2014,91,18162.7,24.2,34.5,-99,-99,0
1,2014,92,15836.92,23.7,32.9,-99,-99,0
1,2014,93,12876.51,23.8,30.8,-99,-99,0.2
1,2014,94,24664.06,21.6,36.4,-99,-99,0
1,2014,95,24462.13,24.1,36.9,-99,-99,0
1,2014,96,19745.67,24.4,35.8,-99,-99,0
1,2014,97,14531.6,24.8,34,-99,-99,0.2
1,2014,98,19511.29,24.3,34.4,-99,-99,0
1,2014,99,16341.74,24.2,34.6,-99,-99,0
1,2014,100,17675.91,24.7,35.6,-99,-99,0
1,2014,101,21465.66,23.6,36,-99,-99,0
1,2014,102,18988.44,22.9,35.6,-99,-99,0
1,2014,103,23766.2,23.3,37.4,-99,-99,0
1,2014,104,23073.88,25.7,36.7,-99,-99,0
1,2014,105,13799.61,24.4,33.3,-99,-99,0
1,2014,106,17416.29,23.2,34.3,-99,-99,1
1,2014,107,18177.12,24.1,31.4,-99,-99,0
1,2014,108,22237.32,23.4,37,-99,-99,0.2
1,2014,109,23867.16,24.1,36.5,-99,-99,0.4
1,2014,110,17041.28,24.3,35.3,-99,-99,0.2
1,2014,111,14939.06,24.2,35,-99,-99,0
1,2014,112,13179.41,25.9,31.3,-99,-99,0
1,2014,113,20885.12,24.7,37.5,-99,-99,0
1,2014,114,9241.81,23.1,32.4,-99,-99,14.4
1,2014,115,20683.19,22.3,35.7,-99,-99,0
1,2014,116,16388.62,24.4,33,-99,-99,0
1,2014,117,24267.41,24.1,34.3,-99,-99,0
1,2014,118,22558.24,23.3,36.8,-99,-99,8.2
1,2014,119,21011.33,23.5,32.3,-99,-99,6.2
1,2014,120,24519.82,24.7,35.8,-99,-99,1
1,2014,121,22089.48,23.7,34.7,-99,-99,4.8
1,2014,122,19186.76,24.7,32.9,-99,-99,0
1,2014,123,17102.58,23.8,33.3,-99,-99,0.2
1,2014,124,21602.69,24.1,35.2,-99,-99,0
1,2014,125,22738.53,25.8,36.7,-99,-99,0
1,2014,126,20437.99,25.2,33,-99,-99,0
1,2014,127,16284.05,22.8,34.83,-99,-99,17.6
1,2014,128,19143.49,23.6,32.4,-99,-99,0
1,2014,129,15739.56,22.1,30.7,-99,-99,39
1,2014,130,16020.82,24.2,30.7,-99,-99,0
1,2014,131,13640.95,23.3,30.5,-99,-99,5.2
1,2014,132,22374.34,24.1,33.3,-99,-99,0.6
1,2014,133,22100.29,24.1,36,-99,-99,0
1,2014,134,16561.7,24.2,33.4,-99,-99,0.2
1,2014,135,18202.36,23.6,32.7,-99,-99,0
1,2014,136,23535.43,23.5,33.3,-99,-99,11.8
1,2014,137,10904.11,23.6,28.6,-99,-99,21.8
1,2014,138,9706.97,24.1,28.3,-99,-99,2.6
1,2014,139,11015.89,22.8,28.4,-99,-99,1.2
1,2014,140,23412.83,23.4,34.4,-99,-99,0
1,2014,141,23704.9,22.3,33.3,-99,-99,16.6
1,2014,142,18353.81,21.5,30.9,-99,-99,21.6
1,2014,143,23762.59,23.2,34.2,-99,-99,0
1,2014,144,23679.66,23.2,34.4,-99,-99,0
1,2014,145,22439.24,22.1,34.8,-99,-99,0
1,2014,146,21469.27,23.2,33.8,-99,-99,1.2
1,2014,147,11196.18,23.2,30.8,-99,-99,1.2
1,2014,148,15606.15,23.3,32.3,-99,-99,0
1,2014,149,18389.87,23.5,33.1,-99,-99,0
1,2014,150,20517.32,22.2,32.7,-99,-99,7.4
1,2014,151,23369.56,24.4,35.2,-99,-99,0.2
1,2014,152,18544.92,24.7,34,-99,-99,0
1,2014,153,18382.66,23.8,32.1,-99,-99,3.4
1,2014,154,20203.61,24.4,34.4,-99,-99,1.4
1,2014,155,19796.15,23.9,32.1,-99,-99,3.4
1,2014,156,19767.31,22.9,35.4,-99,-99,1.2
1,2014,157,12854.88,23.7,30.8,-99,-99,2.2
1,2014,158,18324.96,24.6,33.4,-99,-99,1.2
1,2014,159,19695.19,23.5,34.3,-99,-99,0.2
1,2014,160,19742.06,24,35.1,-99,-99,0
1,2014,161,17430.71,23.8,32.6,-99,-99,4.2
1,2014,162,21898.37,21.8,34.2,-99,-99,0.2
1,2014,163,22565.45,22.6,35.4,-99,-99,0
1,2014,164,15191.47,23.8,32.6,-99,-99,3.8
1,2014,165,17091.76,23.6,34.3,-99,-99,1
1,2014,166,17106.18,23.6,34.4,-99,-99,0
1,2014,167,20250.49,22.6,32.9,-99,-99,0
1,2014,168,13529.17,23.6,30.9,-99,-99,0
1,2014,169,15400.61,23.4,32.3,-99,-99,0
1,2014,170,16897.04,22.4,32.4,-99,-99,0
1,2014,171,17576.87,21.1,31.7,-99,-99,0
1,2014,172,20167.56,20.9,34.1,-99,-99,0
1,2014,173,21400.76,23.4,34.5,-99,-99,0
1,2014,174,17052.1,21.9,35.2,-99,-99,0
1,2014,175,16024.43,24.1,34.1,-99,-99,1
1,2014,176,9652.88,22.7,28.2,-99,-99,0
1,2014,177,21123.11,22.7,35.6,-99,-99,0
1,2014,178,19417.54,22.9,35.3,-99,-99,0
1,2014,179,19190.37,22.8,34.2,-99,-99,0.2
1,2014,180,20088.23,23.4,36.1,-99,-99,0.2
1,2014,181,17928.32,22.4,33.4,-99,-99,0
1,2014,182,19684.37,23.6,37.2,-99,-99,0
1,2014,183,20171.16,24.1,34.5,-99,-99,0
1,2014,184,23120.75,23.1,37.1,-99,-99,0
1,2014,185,18018.46,22.9,35.3,-99,-99,0
1,2014,186,23373.16,22.4,36.2,-99,-99,0
1,2014,187,16749.2,24.4,34.7,-99,-99,0
1,2014,188,19093.01,24.4,34.8,-99,-99,3.6
1,2014,189,11794.76,22.7,32.6,-99,-99,0
1,2014,190,18685.55,22.5,34.6,-99,-99,0
1,2014,191,14946.28,22.3,33.8,-99,-99,0
1,2014,192,14290.01,23.5,31.4,-99,-99,0
1,2014,193,15047.24,21.2,33.9,-99,-99,0
1,2014,194,16987.19,23.4,34.1,-99,-99,0
1,2014,195,16511.22,23.6,34.6,-99,-99,0
1,2014,196,14773.19,23.8,33.1,-99,-99,0
1,2014,197,16738.39,23.6,34.6,-99,-99,0
1,2014,198,18130.25,24.3,33.9,-99,-99,0
1,2014,199,17272.05,24.1,35.1,-99,-99,0
1,2014,200,19269.7,23.7,33.8,-99,-99,0
1,2014,201,20044.96,23.6,35.7,-99,-99,0
1,2014,202,18692.76,23.7,35.9,-99,-99,0
1,2014,203,22752.95,24.1,34.4,-99,-99,0
1,2014,204,15602.54,22.4,34.3,-99,-99,0
1,2014,205,20780.55,22.8,36.3,-99,-99,0
1,2014,206,16417.46,22,36.1,-99,-99,0
1,2014,207,20466.84,22.7,35.4,-99,-99,0
1,2014,208,13889.76,23,34.4,-99,-99,0
1,2014,209,19349.03,22.2,35.7,-99,-99,0
1,2014,210,17369.41,22.8,35,-99,-99,0.2
1,2014,211,20807.19,22.59,31.6,-99,-99,0.2
1,2014,212,18801.44,22.5,32.3,-99,-99,0
1,2014,213,19842.19,23.25,34.25,-99,-99,0
1,2014,214,12670.98,22.9,32,-99,-99,0
1,2014,215,15880.19,20.4,33,-99,-99,0
1,2014,216,23603.94,21.5,36.9,-99,-99,0
1,2014,217,10464.2,23.7,31.5,-99,-99,0.6
1,2014,218,20012.5,23.2,32.6,-99,-99,0.2
1,2014,219,17802.11,23.4,34.1,-99,-99,0
1,2014,220,17885.05,23.2,34.8,-99,-99,0
1,2014,221,18328.57,23.4,35.6,-99,-99,0
1,2014,222,18187.94,23.7,34.6,-99,-99,0
1,2014,223,21642.35,24.9,36.5,-99,-99,0
1,2014,224,20091.83,23.9,34.7,-99,-99,0
1,2014,225,17675.91,22.6,35.7,-99,-99,9
1,2014,226,19230.03,21.8,34.8,-99,-99,0.2
1,2014,227,24545.06,21.7,34.9,-99,-99,0
1,2014,228,13893.36,23.8,34.1,-99,-99,0
1,2014,229,17690.33,23.9,32.5,-99,-99,0
1,2014,230,14062.84,23.6,32.7,-99,-99,0
1,2014,231,14383.76,23.4,32.8,-99,-99,0
1,2014,232,22269.77,22.4,33.9,-99,-99,0
1,2014,233,18559.34,21.6,34.5,-99,-99,0
1,2014,234,22111.11,22.8,36.7,-99,-99,0
1,2014,235,13125.32,23.4,34.3,-99,-99,0
1,2014,236,20946.42,25.8,35.7,-99,-99,0
1,2014,237,17088.15,24.4,32.3,-99,-99,0.2
1,2014,238,18570.16,23.3,34.7,-99,-99,0.2
1,2014,239,14928.25,24.5,33.6,-99,-99,0
1,2014,240,18891.08,22.7,33.1,-99,-99,0
1,2014,241,20556.99,24.4,34.7,-99,-99,0
1,2014,242,25475.38,21.9,37.3,-99,-99,0
1,2014,243,15660.23,23.9,36.3,-99,-99,0
1,2014,244,24718.15,23.8,37.8,-99,-99,0
1,2014,245,11466.62,25.1,32.5,-99,-99,0
1,2014,246,18242.03,22.6,36.1,-99,-99,0.6
1,2014,247,20355.06,23.4,35.4,-99,-99,0
1,2014,248,20171.16,22.8,36.3,-99,-99,0
1,2014,249,14632.57,23.7,35.7,-99,-99,0
1,2014,250,16028.03,24.1,34.2,-99,-99,0
1,2014,251,15919.86,23,34,-99,-99,0
1,2014,252,24999.4,21.1,37.4,-99,-99,0
1,2014,253,13265.95,24.2,34.6,-99,-99,0
1,2014,254,21624.32,23.1,37.3,-99,-99,0
1,2014,255,18562.95,24.1,35.2,-99,-99,0
1,2014,256,21328.64,22.3,35.7,-99,-99,0
1,2014,257,16637.42,24.7,35.2,-99,-99,0
1,2014,258,19323.78,23.3,35.9,-99,-99,0
1,2014,259,21130.32,25.1,36.4,-99,-99,0
1,2014,260,23243.35,23.8,36,-99,-99,0
1,2014,261,18397.08,23.1,32.6,-99,-99,1.4
1,2014,262,23993.37,24.2,37.3,-99,-99,0.4
1,2014,263,19954.81,22.8,31.9,-99,-99,6
1,2014,264,16280.44,24.6,34.2,-99,-99,0.2
1,2014,265,20968.06,24.5,32.9,-99,-99,0
1,2014,266,25295.08,23.9,36.4,-99,-99,0
1,2014,267,21682.01,25,35.5,-99,-99,0
1,2014,268,24051.06,23.1,37.4,-99,-99,0
1,2014,269,25226.57,25.2,37.4,-99,-99,0
1,2014,270,18689.15,25.3,34.4,-99,-99,6
1,2014,271,19031.71,22.1,35.4,-99,-99,0.2
1,2014,272,25406.86,21.9,36.9,-99,-99,0
1,2014,273,21544.99,21.6,37.3,-99,-99,0
1,2014,274,18476.41,23.2,36.3,-99,-99,0
1,2014,275,18909.11,21.6,33.9,-99,-99,3.4
1,2014,276,19255.27,24,33.5,-99,-99,0
1,2014,277,22359.92,24.6,36.6,-99,-99,0
1,2014,278,22807.04,25.2,37.7,-99,-99,0.4
1,2014,279,19788.94,23.6,35.1,-99,-99,0
1,2014,280,19734.85,25.8,36.5,-99,-99,0
1,2014,281,13359.7,23.8,28.16,-99,-99,1
1,2014,282,13320.03,22.4,33.08,-99,-99,25.4
1,2014,283,14841.71,23.1,28.07,-99,-99,0
1,2014,284,18155.49,23.4,32.6,-99,-99,0.8
1,2014,285,20643.53,24.2,34.6,-99,-99,0
1,2014,286,14841.71,24.8,32.9,-99,-99,0
1,2014,287,15523.21,23.6,33.9,-99,-99,0
1,2014,288,15818.89,24.1,33.3,-99,-99,0
1,2014,289,17921.11,21.8,34,-99,-99,0
1,2014,290,19251.67,23.1,35,-99,-99,0
1,2014,291,28114.86,26.3,34.9,-99,-99,0
1,2014,292,20254.1,23.5,31.4,-99,-99,0.2
1,2014,293,18068.95,24.1,30.45,-99,-99,14
1,2014,294,23326.29,23.2,35.7,-99,-99,0
1,2014,295,21970.48,22.4,34.5,-99,-99,6.4
1,2014,296,20679.59,23.6,36.9,-99,-99,0
1,2014,297,24512.61,23.3,33.2,-99,-99,0
1,2014,298,14455.88,24,31.3,-99,-99,0
1,2014,299,8697.33,23.2,32.18,-99,-99,6.4
1,2014,300,20917.57,23.6,31.7,-99,-99,0
1,2014,301,19201.19,25.2,34,-99,-99,0
1,2014,302,17246.81,24.1,32.1,-99,-99,0
1,2014,303,17073.73,23.2,32.5,-99,-99,25.8
1,2014,304,19969.23,23.1,33,-99,-99,0
1,2014,305,18425.93,22.8,31,-99,-99,6.2
1,2014,306,18314.14,22.9,30.1,-99,-99,10.2
1,2014,307,22839.49,23.7,34.1,-99,-99,0
1,2014,308,17322.53,23.4,32.8,-99,-99,0
1,2014,309,11582.01,23.1,29.8,-99,-99,18.2
1,2014,310,19273.3,22.6,32,-99,-99,11.8
1,2014,311,19558.17,23.7,32.7,-99,-99,0.6
1,2014,312,20582.23,23.8,30.9,-99,-99,0
1,2014,313,22478.91,23.1,31.7,-99,-99,2.8
1,2014,314,22511.36,22.6,31.6,-99,-99,1.4
1,2014,315,16770.84,22.6,30.1,-99,-99,11
1,2014,316,12400.65,24.5,34.95,-99,-99,2.6
1,2014,317,19641.1,24.3,30.9,-99,-99,0.2
1,2014,318,14697.47,24.2,29.2,-99,-99,0
1,2014,319,15418.64,23.4,30.4,-99,-99,1.4
1,2014,320,11408.93,22.3,28.2,-99,-99,1
1,2014,321,19644.71,22.7,33.4,-99,-99,0
1,2014,322,23452.49,22.3,34.1,-99,-99,0
1,2014,323,16799.69,23.8,30.8,-99,-99,0.4
1,2014,324,16561.7,24.3,31.7,-99,-99,0
1,2014,325,19150.7,24.2,31.8,-99,-99,0
1,2014,326,19835.82,22.6,30.8,-99,-99,18.8
1,2014,327,16763.63,23.7,32.1,-99,-99,0
1,2014,328,22731.32,24.2,34.2,-99,-99,0
1,2014,329,20156.74,24.1,31.5,-99,-99,0
1,2014,330,16918.68,23.8,29.8,-99,-99,11.4
1,2014,331,21901.97,23,30.8,-99,-99,3
1,2014,332,22908.01,23.7,33.3,-99,-99,0
1,2014,333,22331.07,24.2,34.7,-99,-99,0
1,2014,334,18873.05,24.7,33.9,-99,-99,0.2
1,2014,335,20603.86,23.7,35.1,-99,-99,0
1,2014,336,18786.51,23.4,34.7,-99,-99,0
1,2014,337,23668.84,21.3,35.5,-99,-99,0
1,2014,338,17524.46,23.6,32.9,-99,-99,0
1,2014,339,21411.58,24.1,32.7,-99,-99,0
1,2014,340,16760.02,23.6,30.8,-99,-99,0
1,2014,341,9025.46,24.2,34.67,-99,-99,7.2
1,2014,342,20661.56,23.6,31.4,-99,-99,1
1,2014,343,17971.59,22.3,29.65,-99,-99,24.2
1,2014,344,21007.72,22.9,31.7,-99,-99,0
1,2014,345,10619.25,22.3,27.7,-99,-99,29
1,2014,346,21840.67,23.3,32.8,-99,-99,0
1,2014,347,18227.6,23.9,29.1,-99,-99,21.6
1,2014,348,19341.81,22.9,30,-99,-99,10.4
1,2014,349,19291.33,23.8,31.1,-99,-99,0
1,2014,350,16113.55,24.2,31.7,-99,-99,1.8
1,2014,351,23293.23,24,31.6,-99,-99,0
1,2014,352,18325.68,24.1,30.3,-99,-99,0
1,2014,353,20247.85,25.1,31.4,-99,-99,0
1,2014,354,14596.51,24.9,30.8,-99,-99,0
1,2014,355,14131.71,24,30.9,-99,-99,0
1,2014,356,12732.28,21.5,27.9,-99,-99,6
1,2014,357,12378.52,22.4,32.72,-99,-99,5
1,2014,358,16172.27,21.4,29.1,-99,-99,0
1,2014,359,20241.17,22.7,31,-99,-99,0
1,2014,360,12417.58,21.83,27.73,-99,-99,12.2
1,2014,361,13909.98,24.03,29.43,-99,-99,0
1,2014,362,19534.27,24.35,33.7,-99,-99,0
1,2014,363,19520.91,23.48,36.28,-99,-99,0
1,2014,364,17990.73,24.67,33.47,-99,-99,0
1,2014,365,19788.16,22.47,31.77,-99,-99,0
