-72.53,4.03,315,0,0
1,2014,1,22694.30472,20.9,33.2,-99,-99,0
1,2014,2,22711.53257,20.4,32.6,-99,-99,0
1,2014,3,19542.08801,21.8,32.8,-99,-99,0
1,2014,4,20284.05898,22.3,32.9,-99,-99,0
1,2014,5,16528.71272,22.9,32.9,-99,-99,0
1,2014,6,12476.87953,22.6,30.7,-99,-99,2
1,2014,7,9290.548933,22.6,30.1,-99,-99,2.2
1,2014,8,15268.92635,22.9,31.2,-99,-99,1.8
1,2014,9,22134.46994,21.2,31.6,-99,-99,0
1,2014,10,23034.71436,18.9,31.6,-99,-99,0
1,2014,11,22185.41705,20.7,32.6,-99,-99,0
1,2014,12,23528.1082,19.6,32.9,-99,-99,0
1,2014,13,23264.63993,21.6,32.8,-99,-99,0
1,2014,14,17871.77697,20.9,33.2,-99,-99,0
1,2014,15,22444.67967,20.9,32.8,-99,-99,0
1,2014,16,18801.70577,21.2,33.3,-99,-99,0
1,2014,17,22808.70656,19.7690073,35.2690073,-99,-99,0
1,2014,18,11488.54749,22.9,32.1,-99,-99,0
1,2014,19,18734.77327,22.8,32.6,-99,-99,5.2
1,2014,20,21421.81348,21.4,33.4,-99,-99,0
1,2014,21,17903.23128,24,32.9,-99,-99,0
1,2014,22,19560.51616,23.6,34.1,-99,-99,0
1,2014,23,23151.9081,22.3,34.6,-99,-99,0
1,2014,24,23336.58219,21.1,33.9,-99,-99,0
1,2014,25,21141.06507,23.2,32.9,-99,-99,0
1,2014,26,19833.49125,23.9,33.4,-99,-99,0
1,2014,27,23149.6125,22.9,33.6,-99,-99,0
1,2014,28,22738.5967,21.7,34.3,-99,-99,0
1,2014,29,23224.89303,21.7,33.6,-99,-99,0
1,2014,30,15464.77192,23.8,32,-99,-99,0
1,2014,31,13838.71233,23.6,32.3,-99,-99,0
1,2014,32,19578.84301,22.6,35.4,-99,-99,0
1,2014,33,15995.51237,21.2,33.4,-99,-99,0
1,2014,34,17984.3936,22.3,34.7,-99,-99,0
1,2014,35,14689.57611,23.3,32.6,-99,-99,0
1,2014,36,11687.16812,23.7,32.7,-99,-99,0
1,2014,37,9130.186874,23.8,30.7,-99,-99,0
1,2014,38,14157.36504,22.8,32.9,-99,-99,0
1,2014,39,14637.61438,22.7,33.6,-99,-99,0
1,2014,40,21363.74804,19.5,34.7,-99,-99,0
1,2014,41,19262.84979,22.2,34.9,-99,-99,0
1,2014,42,13641.74816,23.7,34.5,-99,-99,0
1,2014,43,15041.26136,22.8,35.1,-99,-99,0
1,2014,44,16291.39403,22.3,35.1,-99,-99,0
1,2014,45,18158.55795,21.3,35.4,-99,-99,0
1,2014,46,17725.87891,21.4,35.6,-99,-99,0
1,2014,47,16829.96097,20.4,35.4,-99,-99,0
1,2014,48,15160.75224,20.4,35.1,-99,-99,0
1,2014,49,20892.24724,24.8,35.3,-99,-99,0
1,2014,50,17523.65254,24,33.9,-99,-99,0
1,2014,51,15073.8768,24.9,35.2,-99,-99,0
1,2014,52,16644.28945,25,34.7,-99,-99,0
1,2014,53,17907.91719,23.6,35.1,-99,-99,0
1,2014,54,16845.16985,23.1,35,-99,-99,0
1,2014,55,14069.55996,24.2,34.6,-99,-99,0
1,2014,56,16266.57801,23.9,34.7,-99,-99,0.8
1,2014,57,15040.74197,23.2,32.9,-99,-99,0.4
1,2014,58,9289.486978,21.6,33.84653595,-99,-99,23.4
1,2014,59,15389.3416,22.1,32.1,-99,-99,36.7
1,2014,60,13532.03418,22.3,32.3,-99,-99,14.5
1,2014,61,9637.595434,23.6,29.5,-99,-99,2.2
1,2014,62,10901.12565,24.2,32.4,-99,-99,0
1,2014,63,9659.826002,24.1,31.7,-99,-99,0
1,2014,64,12649.16782,24.3,33.3,-99,-99,0
1,2014,65,12190.77123,23.7,32.3,-99,-99,0
1,2014,66,18796.4531,23.2,34.1,-99,-99,0
1,2014,67,16769.16132,23,33.9,-99,-99,0
1,2014,68,12852.09255,23.2,32.6,-99,-99,0
1,2014,69,13333.99955,22.2,32.3,-99,-99,1.5
1,2014,70,15389.45119,23.7,33.1,-99,-99,0
1,2014,71,19650.26842,23.8,33.5,-99,-99,0
1,2014,72,12573.4741,23.9,33.7,-99,-99,0
1,2014,73,20616.38309,22.3,34.8,-99,-99,6
1,2014,74,9908.309959,23.3,29.8,-99,-99,8.4
1,2014,75,14012.54462,22.9,31.8,-99,-99,0
1,2014,76,21271.42154,23.9,33.5,-99,-99,0
1,2014,77,22539.08728,24.4,34.6,-99,-99,0
1,2014,78,15289.30744,23.8,32.7,-99,-99,1.6
1,2014,79,17343.28002,23.4,34.7,-99,-99,0
1,2014,80,18765.52596,23.5,35.5,-99,-99,0
1,2014,81,14036.04914,23.1,33.8,-99,-99,0
1,2014,82,9464.387176,21.5,31.05890324,-99,-99,9
1,2014,83,20186.86761,21.7,32.4,-99,-99,0
1,2014,84,11988.71236,21.6,31.1,-99,-99,24.5
1,2014,85,14824.94588,22.2,32.3,-99,-99,0.5
1,2014,86,17028.57397,21.3,33.2,-99,-99,0
1,2014,87,20332.0936,22.9,32.2,-99,-99,2.5
1,2014,88,24418.94402,22.6,34.4,-99,-99,0
1,2014,89,15914.31988,21.5,33.8,-99,-99,0
1,2014,90,25343.76777,23.6,36.1,-99,-99,0
1,2014,91,15902.61966,23.1,34.1,-99,-99,0
1,2014,92,14796.1775,21.8,31.8,-99,-99,4.8
1,2014,93,11493.11111,23.1,31.3,-99,-99,0.2
1,2014,94,16192.8972,21.2,33.4,-99,-99,0
1,2014,95,16183.33987,21.3,30.2,-99,-99,116.9
1,2014,96,16955.98289,22.8,34.2,-99,-99,0.3
1,2014,97,21481.46536,20.6,33.7,-99,-99,60
1,2014,98,16931.78809,22.9,32.8,-99,-99,6.4
1,2014,99,15669.25482,23.1,30.3,-99,-99,0
1,2014,100,19244.78741,23.4,32,-99,-99,0
1,2014,101,10811.90693,22.3,31.6,-99,-99,2.3
1,2014,102,20455.34462,22.5,32.6,-99,-99,0
1,2014,103,22767.98604,23.6,33.9,-99,-99,0
1,2014,104,20259.29375,23.9,34.8,-99,-99,1.8
1,2014,105,9377.914613,21.1,31.48523157,-99,-99,63.8
1,2014,106,17581.73735,22.1,32.5,-99,-99,0
1,2014,107,12300.54276,21.2,28.7,-99,-99,5.7
1,2014,108,16305.88857,21.4,31.8,-99,-99,0
1,2014,109,9495.421869,22.7,28.8,-99,-99,13
1,2014,110,15342.73982,22.3,31.9,-99,-99,1.7
1,2014,111,9782.631406,23.1,28.8,-99,-99,1.5
1,2014,112,9310.316394,21.3,30.60208831,-99,-99,34.8
1,2014,113,19890.58692,20.4,32.7,-99,-99,1.2
1,2014,114,9748.343054,22.6,27.2,-99,-99,63.4
1,2014,115,20602.37061,22.6,33.2,-99,-99,0
1,2014,116,9265.86624,22.4,25.8,-99,-99,40.5
1,2014,117,21613.03258,22.3,32.6,-99,-99,0.5
1,2014,118,16707.19133,21.9,32.6,-99,-99,48
1,2014,119,14554.10832,21.5,31.4,-99,-99,32.5
1,2014,120,23949.22022,22.3,34,-99,-99,0
1,2014,121,14209.66105,22.6,32.1,-99,-99,15
1,2014,122,23423.52802,23.1,31.6,-99,-99,0
1,2014,123,22027.91963,22,32.3,-99,-99,0
1,2014,124,18222.26533,22.8,33.7,-99,-99,0
1,2014,125,21358.54595,21.9,32.5,-99,-99,5
1,2014,126,23582.03927,22.1,32.8,-99,-99,0
1,2014,127,13785.55698,23.6,33,-99,-99,0
1,2014,128,11966.278,22.8,30.8,-99,-99,35.5
1,2014,129,10302.54415,20.8,29.1,-99,-99,33
1,2014,130,10586.70761,22.1,28.8,-99,-99,21.9
1,2014,131,10720.75168,22.3,27.8,-99,-99,4.4
1,2014,132,13833.16758,22.8,30.8,-99,-99,0.4
1,2014,133,16935.58732,22.9,31.1,-99,-99,0
1,2014,134,16465.04489,22.4,32.8,-99,-99,0
1,2014,135,11845.76455,22.2,29.9,-99,-99,4.5
1,2014,136,17896.69073,21.4,31.9,-99,-99,2
1,2014,137,15506.39146,23.5,33.1,-99,-99,0
1,2014,138,19467.66899,21.6,31.7,-99,-99,43.5
1,2014,139,10748.45647,21.8,28.9,-99,-99,62.2
1,2014,140,22501.01282,21.6,32.5,-99,-99,8.7
1,2014,141,21881.82034,22.4,33,-99,-99,6.5
1,2014,142,19211.69317,23.1,31.7,-99,-99,1.3
1,2014,143,15378.1202,24,32.2,-99,-99,0
1,2014,144,20768.84817,22.7,32.7,-99,-99,0
1,2014,145,19427.33545,21.7,33,-99,-99,0
1,2014,146,15464.84266,23.6,33.1,-99,-99,0
1,2014,147,8891.641726,22.1,27.25244577,-99,-99,26.3
1,2014,148,9172.459482,22.3,28.40470345,-99,-99,1.9
1,2014,149,16135.68867,22.3,29.7,-99,-99,0
1,2014,150,11038.69201,22.5,30.2,-99,-99,25
1,2014,151,9722.469301,22.1,30.1,-99,-99,6.4
1,2014,152,9857.278647,23.2,30.7,-99,-99,9.5
1,2014,153,13028.88734,22.9,29.7,-99,-99,8.1
1,2014,154,14027.29465,22.6,31.5,-99,-99,5.9
1,2014,155,13292.45543,23.1,30.9,-99,-99,4.7
1,2014,156,17172.95504,23.1,32.3,-99,-99,1.3
1,2014,157,9668.098128,22.1,30.7,-99,-99,0.6
1,2014,158,8796.917705,22.3,30.81948266,-99,-99,29.9
1,2014,159,11666.01562,20.9,28.2,-99,-99,1.8
1,2014,160,16398.6681,22.3,31.3,-99,-99,1.6
1,2014,161,12223.73492,20.7,31.6,-99,-99,25.3
1,2014,162,17093.67432,19.7,29.3,-99,-99,0
1,2014,163,17083.19049,21.7,30.3,-99,-99,0
1,2014,164,11771.86163,22.2,31,-99,-99,42.4
1,2014,165,8758.477324,21.8,29.1,-99,-99,40.8
1,2014,166,13048.72054,21.5,27.1,-99,-99,1.5
1,2014,167,15046.35638,21.5,31.6,-99,-99,0.5
1,2014,168,8747.858665,20.9,28.3,-99,-99,24.3
1,2014,169,8745.12714,21.8,27.7,-99,-99,3
1,2014,170,8742.80343,21.1,27.62115724,-99,-99,8.3
1,2014,171,8740.889093,20.6,24.5,-99,-99,4.8
1,2014,172,9025.133371,21.1,26.8,-99,-99,0
1,2014,173,12166.84704,22.4,29.4,-99,-99,1.9
1,2014,174,8737.610596,22.2,31,-99,-99,6.2
1,2014,175,8737.339602,22.7,28.9,-99,-99,9
1,2014,176,8737.478481,20.4,25.2,-99,-99,28.1
1,2014,177,12309.57723,19.8,30.1,-99,-99,0
1,2014,178,22169.92571,21.8,31.6,-99,-99,0
1,2014,179,10026.53077,21.5,30.3,-99,-99,28.7
1,2014,180,12315.73804,21.5,29.7,-99,-99,8.6
1,2014,181,8744.25686,21,25.9,-99,-99,1.8
1,2014,182,9462.001769,22.5,27.2,-99,-99,14.1
1,2014,183,14044.29541,22.3,29.7,-99,-99,18.8
1,2014,184,20921.70586,21.6,30.1,-99,-99,4.1
1,2014,185,12337.59019,21.8,30.1,-99,-99,0
1,2014,186,14779.92149,21.7,30.9,-99,-99,0
1,2014,187,18086.08095,22,29.7,-99,-99,0
1,2014,188,9200.612752,21.5,27.9,-99,-99,11.5
1,2014,189,9206.082099,21.7,26.6,-99,-99,6.9
1,2014,190,8780.839941,21.2,25.1,-99,-99,23.9
1,2014,191,10368.5589,20.8,27.4,-99,-99,10.4
1,2014,192,8792.89507,21.9,26.1,-99,-99,13.5
1,2014,193,9087.509041,21.8,25.8,-99,-99,0.5
1,2014,194,12410.70907,21.1,30.1,-99,-99,3.3
1,2014,195,11988.31097,21.2,31.3,-99,-99,4.4
1,2014,196,12287.7829,22.3,30.5,-99,-99,2.5
1,2014,197,15480.33756,22.2,30.4,-99,-99,0
1,2014,198,11731.67847,21.2,30.7,-99,-99,24.9
1,2014,199,17249.86967,21.2,33.1,-99,-99,0.5
1,2014,200,11609.79358,22.4,30.4,-99,-99,0
1,2014,201,11040.7541,22.1,28.7,-99,-99,5.2
1,2014,202,17596.125,21.7,32.6,-99,-99,0
1,2014,203,14558.44438,21.7,30.1,-99,-99,26
1,2014,204,12534.05448,22.1,28.8,-99,-99,9.7
1,2014,205,17218.98633,20.94164418,30.24164418,-99,-99,2.3
1,2014,206,21477.80174,23.2,32.8,-99,-99,15.9
1,2014,207,13162.88457,21.9,31.4,-99,-99,20.1
1,2014,208,14350.93199,21.3,30.3,-99,-99,21.5
1,2014,209,23906.16155,21.4,29,-99,-99,0
1,2014,210,10712.97793,21.3,31.4,-99,-99,0
1,2014,211,16169.99694,21.2,28.6,-99,-99,4
1,2014,212,21642.37178,21.5,31.8,-99,-99,0
1,2014,213,16801.73946,20.7,32.4,-99,-99,0
1,2014,214,8992.279801,21.6,29.8,-99,-99,0
1,2014,215,13442.24578,21.4,29.8,-99,-99,2.2
1,2014,216,22054.18028,20.7,31.4,-99,-99,0
1,2014,217,9024.803443,21.2,25.8,-99,-99,41.2
1,2014,218,11562.10749,21.5,31.5,-99,-99,2
1,2014,219,15297.34519,20.8,31.5,-99,-99,0.8
1,2014,220,12783.52117,22.2,29.2,-99,-99,3.8
1,2014,221,15934.17553,21.3,30.9,-99,-99,7.3
1,2014,222,14460.12386,21.8,30.2,-99,-99,1
1,2014,223,24358.04461,21.4,30.4,-99,-99,0
1,2014,224,14047.22888,22.5,29.3,-99,-99,4.2
1,2014,225,11813.07849,20.7,28.4,-99,-99,18
1,2014,226,16036.52699,20.9,27.9,-99,-99,1.5
1,2014,227,20572.68983,22.1,33.1,-99,-99,0
1,2014,228,12910.6445,21.2,28.9,-99,-99,28
1,2014,229,12020.13583,22.1,30.2,-99,-99,7.9
1,2014,230,9161.894596,21.4,29.47718595,-99,-99,8.2
1,2014,231,9625.680432,20.7,28.4,-99,-99,0
1,2014,232,10545.15017,21.7,29.2,-99,-99,0
1,2014,233,18751.06054,21.3,32,-99,-99,0
1,2014,234,13150.19349,21.8,31.9,-99,-99,0
1,2014,235,13620.40299,22.3,30.9,-99,-99,0
1,2014,236,22469.28653,22.4,33.7,-99,-99,0
1,2014,237,9225.331274,21.6,28.1,-99,-99,27.2
1,2014,238,9691.473038,20.3,27.3,-99,-99,14.3
1,2014,239,12298.41314,20.9,28.3,-99,-99,0
1,2014,240,10779.01684,21.9,28.2,-99,-99,13.6
1,2014,241,18907.14028,21.1,32.5,-99,-99,0.3
1,2014,242,24904.88127,20.1,34.7,-99,-99,0
1,2014,243,25387.73791,22.1,34.7,-99,-99,0
1,2014,244,12348.74343,22,33.4,-99,-99,0
1,2014,245,9742.86835,22.2,31.1,-99,-99,31.9
1,2014,246,17907.60171,22,31.8,-99,-99,0
1,2014,247,22850.47139,20.6,31.8,-99,-99,6.6
1,2014,248,15156.44435,22.3,31,-99,-99,20.3
1,2014,249,13004.94202,22.9,31.9,-99,-99,14.7
1,2014,250,9305.289599,21.7,32.17491647,-99,-99,6.2
1,2014,251,16572.28772,21,29.3,-99,-99,0
1,2014,252,25704.07586,19.7,33.1,-99,-99,0
1,2014,253,9314.866155,23.1,28.8,-99,-99,20.8
1,2014,254,11484.75856,21.9,30.5,-99,-99,7.9
1,2014,255,14585.91256,21.8,31.1,-99,-99,0.8
1,2014,256,17379.53435,22.7,31.8,-99,-99,0
1,2014,257,13973.10269,20.9,30.2,-99,-99,46.6
1,2014,258,20179.69441,22.4,31.1,-99,-99,0
1,2014,259,23441.84364,22.6,33.5,-99,-99,0
1,2014,260,15220.03349,22.2,32.9,-99,-99,4.6
1,2014,261,20033.19485,21.7,33.6,-99,-99,1.6
1,2014,262,22207.93099,21.8,31.3,-99,-99,0
1,2014,263,16307.15555,21.1,30.7,-99,-99,29.5
1,2014,264,19411.98618,22.5,30.7,-99,-99,0
1,2014,265,13042.09814,22.8,30.8,-99,-99,16.5
1,2014,266,19562.48299,21.1,33.1,-99,-99,0
1,2014,267,21422.3848,22.3,33.6,-99,-99,1.1
1,2014,268,26231.61585,21.9,34.2,-99,-99,0
1,2014,269,24982.8208,21.7,35.1,-99,-99,0
1,2014,270,15350.05994,21.9,33.3,-99,-99,0.9
1,2014,271,15033.11095,21.7,33.2,-99,-99,0
1,2014,272,25111.61724,19.7,33.2,-99,-99,0
1,2014,273,24324.88746,21.3,32.9,-99,-99,0
1,2014,274,21212.64541,21.2,33.3,-99,-99,0
1,2014,275,17353.07491,21.8,31.6,-99,-99,1
1,2014,276,17624.06705,21.3,34.2,-99,-99,7.5
1,2014,277,22257.34697,22.8,34.7,-99,-99,0
1,2014,278,13111.71152,23.1,31.3,-99,-99,0
1,2014,279,9234.496688,22.4,31.11262593,-99,-99,84.3
1,2014,280,16335.54681,22.1,31.4,-99,-99,0
1,2014,281,16939.37901,22.6,32.2,-99,-99,0
1,2014,282,18622.07785,22.8,33.4,-99,-99,0
1,2014,283,9197.234466,20.9,29.58805574,-99,-99,57.8
1,2014,284,9803.453988,20.9,30,-99,-99,0.2
1,2014,285,12717.89953,22.7,32.3,-99,-99,1
1,2014,286,13011.62561,21.7,29.8,-99,-99,3.2
1,2014,287,16531.98959,21.6,32.3,-99,-99,21.4
1,2014,288,14670.93249,21.3,31.7,-99,-99,1.9
1,2014,289,16187.76873,22.8,33.6,-99,-99,0
1,2014,290,18314.01455,22,32.8,-99,-99,0
1,2014,291,16302.0474,21.9,32.6,-99,-99,0
1,2014,292,12917.60122,22.5,32,-99,-99,32.7
1,2014,293,13358.89168,21.6,32.3,-99,-99,6.1
1,2014,294,13493.67504,22.5,32.7,-99,-99,0
1,2014,295,9055.861469,21.1,29.92178866,-99,-99,34.5
1,2014,296,20002.16195,20.7,31.4,-99,-99,1.8
1,2014,297,23016.06329,21.7,32,-99,-99,0
1,2014,298,10533.84786,22.3,29.1,-99,-99,8.2
1,2014,299,14461.19452,22.1,33.4,-99,-99,2
1,2014,300,15500.57572,21.5,30.9,-99,-99,42
1,2014,301,18503.50809,21.4,29.9,-99,-99,1.6
1,2014,302,13944.85098,21.3,31.1,-99,-99,4
1,2014,303,23127.22522,22.1,32.3,-99,-99,0
1,2014,304,17820.62943,22.6,32.7,-99,-99,0
1,2014,305,22609.39469,21.6,32.3,-99,-99,0
1,2014,306,19721.53181,23.1,32.1,-99,-99,0
1,2014,307,17141.45321,22.8,32.6,-99,-99,0
1,2014,308,20862.28732,22.3,32.1,-99,-99,0
1,2014,309,20981.23239,23.4,32.8,-99,-99,0
1,2014,310,14075.76503,23.9,30.8,-99,-99,0
1,2014,311,18382.41733,23.2,33.6,-99,-99,9.5
1,2014,312,11499.39103,23.3,31.2,-99,-99,4.4
1,2014,313,15500.21648,20.9,32.7,-99,-99,3.2
1,2014,314,13617.97312,21.9,33.6,-99,-99,0
1,2014,315,11446.53964,21.7,30.1,-99,-99,67.8
1,2014,316,9057.481017,21.7,27.8,-99,-99,50.3
1,2014,317,16593.34237,22.4,30.9,-99,-99,5.5
1,2014,318,10212.41703,22.1,28.8,-99,-99,3.9
1,2014,319,13002.55263,21.7,28.3,-99,-99,20.7
1,2014,320,9887.386527,21.1,27.2,-99,-99,44.9
1,2014,321,20918.26461,22.9,32.7,-99,-99,0
1,2014,322,20743.25472,22.9,31.4,-99,-99,0
1,2014,323,20862.93086,21.3,30.9,-99,-99,5.2
1,2014,324,11298.88965,22.7,29.4,-99,-99,0.4
1,2014,325,15387.37573,22.8,30.8,-99,-99,0
1,2014,326,20344.994,22,31.2,-99,-99,0.5
1,2014,327,18273.45334,21.7,30.9,-99,-99,1
1,2014,328,17667.64513,22.9,31.7,-99,-99,22.5
1,2014,329,10644.18669,22.6,29.9,-99,-99,0
1,2014,330,15441.42121,22.9,30.7,-99,-99,0
1,2014,331,22558.9995,22.1,31.3,-99,-99,0
1,2014,332,23263.14456,21.8,31.9,-99,-99,0
1,2014,333,13212.93432,22.5,30.2,-99,-99,1.2
1,2014,334,17846.10559,23.1,30.8,-99,-99,0.5
1,2014,335,13332.60002,22.7,31.5,-99,-99,0
1,2014,336,14770.16137,21.4,33,-99,-99,0
1,2014,337,19102.83664,21.4,32.8,-99,-99,0
1,2014,338,21693.06763,22.2,33.1,-99,-99,0
1,2014,339,16470.51084,22.1,32.7,-99,-99,0
1,2014,340,13568.30857,20.8,30.9,-99,-99,115.2
1,2014,341,18326.34141,22.1,31.8,-99,-99,0
1,2014,342,19037.38763,22.3,31.8,-99,-99,0
1,2014,343,12100.73936,23,30.7,-99,-99,0
1,2014,344,16421.66047,22.3,31.9,-99,-99,0
1,2014,345,9926.518868,22.2,31.2,-99,-99,11.6
1,2014,346,16263.98921,21.6,31.1,-99,-99,2.7
1,2014,347,14673.69376,22.1,31.1,-99,-99,0
1,2014,348,21439.69065,21.2,32.1,-99,-99,0
1,2014,349,18698.73054,22.7,31.9,-99,-99,17.5
1,2014,350,21863.53148,22.6,33.4,-99,-99,0
1,2014,351,19125.5545,23.3,31.7,-99,-99,0
1,2014,352,21284.15054,21.7,32.3,-99,-99,0
1,2014,353,22867.95184,22.1,32.2,-99,-99,0
1,2014,354,22005.39788,22,31.4,-99,-99,0
1,2014,355,20999.91405,21.1,32.3,-99,-99,0
1,2014,356,22875.82381,21.2,32.2,-99,-99,0
1,2014,357,19423.61214,19,32.7,-99,-99,0
1,2014,358,16835.35106,23.5,32.7,-99,-99,0
1,2014,359,17705.92844,23.3,31.1,-99,-99,0
1,2014,360,15838.32706,20.8,31.4,-99,-99,0
1,2014,361,21760.17039,22.2,32.6,-99,-99,0
1,2014,362,19028.77304,21.6,31.9,-99,-99,0
1,2014,363,23371.58529,21.3,33.3,-99,-99,0
1,2014,364,14860.70749,22.1,30.8,-99,-99,3.5
1,2014,365,23111.92538,21.8,31.9,-99,-99,0
