-72.53,4.03,315,0,0
1,2013,1,22404.93982,20.6,32.3,-99,-99,0
1,2013,2,20684.49875,21,31.9,-99,-99,0
1,2013,3,20846.19481,21.3,32.1,-99,-99,0
1,2013,4,17383.65477,22.3,31.7,-99,-99,0
1,2013,5,13805.22154,20.62194992,29.82194992,-99,-99,1.8
1,2013,6,19595.55571,19.9,32.2,-99,-99,0
1,2013,7,22669.03007,19.6,32.8,-99,-99,0
1,2013,8,19635.83812,20.4,31.7,-99,-99,0
1,2013,9,9311.522955,21.4,29.9,-99,-99,0
1,2013,10,19825.51161,21.7,31.9,-99,-99,0
1,2013,11,21747.30847,20.1,32.3,-99,-99,0
1,2013,12,18410.92811,20.2,31.3,-99,-99,0
1,2013,13,13164.45243,21.8,30.7,-99,-99,0
1,2013,14,12595.64761,21.6,31.3,-99,-99,0
1,2013,15,15254.23317,22.2,32.8,-99,-99,0
1,2013,16,16156.90646,22.2,32.8,-99,-99,0
1,2013,17,19857.85991,23,32.9,-99,-99,0
1,2013,18,19738.79863,22.9,33.7,-99,-99,0
1,2013,19,13423.74364,22.3,33.7,-99,-99,0
1,2013,20,13000.90497,21.4,32.7,-99,-99,0
1,2013,21,19826.52391,22,34.4,-99,-99,0
1,2013,22,19116.03793,21.3,34.4,-99,-99,0
1,2013,23,15436.33188,20.34163588,34.44163588,-99,-99,0
1,2013,24,13083.42359,21.83884392,35.13884392,-99,-99,0
1,2013,25,22033.98066,23.039681,32.739681,-99,-99,0
1,2013,26,24155.78178,19.72861031,35.22861031,-99,-99,0
1,2013,27,23746.70029,20.87687934,33.97687934,-99,-99,0
1,2013,28,22888.09804,22.20175743,33.60175743,-99,-99,0
1,2013,29,23224.89303,22.72922946,33.42922946,-99,-99,0
1,2013,30,23562.87682,20.66970648,30.46970648,-99,-99,0
1,2013,31,18344.66833,22.6,34.6,-99,-99,0
1,2013,32,21083.17329,23.7,34.9,-99,-99,0
1,2013,33,17351.52541,22.1,34.7,-99,-99,0
1,2013,34,20851.56041,22,34.8,-99,-99,0
1,2013,35,20735.13434,22.9,34.8,-99,-99,0
1,2013,36,12595.41305,23.2,34.4,-99,-99,0
1,2013,37,8978.57804,22.8,31.6,-99,-99,0
1,2013,38,20838.44458,20.7,34.8,-99,-99,0
1,2013,39,17070.82276,23.4,34.7,-99,-99,0
1,2013,40,16946.84568,22.7,32.7,-99,-99,1.2
1,2013,41,9042.884017,23.3,31.2,-99,-99,1.3
1,2013,42,11808.57148,23.2,33.3,-99,-99,0
1,2013,43,13052.3853,23.2,32.6,-99,-99,0
1,2013,44,16597.82156,21.2,33.2,-99,-99,0
1,2013,45,24449.36589,18.8,31.05637035,-99,-99,0
1,2013,46,23718.3044,19.8,36.5,-99,-99,0
1,2013,47,16676.09469,23.1,32.3,-99,-99,0
1,2013,48,11154.74683,22.5,29.8,-99,-99,11.1
1,2013,49,12560.89955,23.2,31.7,-99,-99,0
1,2013,50,11035.18634,23.7,31.8,-99,-99,0
1,2013,51,13217.64352,22.8,33.4,-99,-99,0
1,2013,52,13236.92016,23.7,32.7,-99,-99,0
1,2013,53,14651.44717,23.9,34.8,-99,-99,0
1,2013,54,19018.7344,21,34.6,-99,-99,0
1,2013,55,16556.50438,22.9,32.2,-99,-99,11.5
1,2013,56,20467.99474,23.7,33.9,-99,-99,0
1,2013,57,17377.38798,22.5,34.4,-99,-99,0
1,2013,58,9757.303795,23.5,30.9,-99,-99,0.8
1,2013,59,10706.47834,22.6,31.4,-99,-99,2.2
1,2013,60,9469.645524,22.8,32.3,-99,-99,1.5
1,2013,61,21679.59307,23,34.9,-99,-99,0
1,2013,62,19353.57556,22.9,35.7,-99,-99,0
1,2013,63,9659.826002,21.1,28.5,-99,-99,62
1,2013,64,14687.3201,21.7,33.2,-99,-99,0
1,2013,65,16270.10498,22,32.1,-99,-99,3.5
1,2013,66,16755.36551,22.6,32.3,-99,-99,6.4
1,2013,67,15512.29202,23.4,33.1,-99,-99,0
1,2013,68,13480.90496,22.8,31.6,-99,-99,14.5
1,2013,69,14906.8989,23.4,32.4,-99,-99,0.8
1,2013,70,22943.16573,22.5,34.3,-99,-99,0
1,2013,71,9416.645297,22.5,28.6,-99,-99,28
1,2013,72,19346.13547,22.9,33,-99,-99,1
1,2013,73,10847.71499,24,32.1,-99,-99,0
1,2013,74,16685.39009,24.3,33.2,-99,-99,0
1,2013,75,11332.56693,22.9,32,-99,-99,2.7
1,2013,76,10234.04507,22.8,28.8,-99,-99,22.8
1,2013,77,9450.016037,23,27.2,-99,-99,6
1,2013,78,18128.16403,22.4,32.8,-99,-99,0
1,2013,79,20813.13298,24.3,32.7,-99,-99,0
1,2013,80,13560.81072,25.7,32.3,-99,-99,0
1,2013,81,9462.50504,22.7,31.1,-99,-99,14.7
1,2013,82,9464.387176,20.8,34.0842838,-99,-99,18.5
1,2013,83,24759.09937,19.8,31.8,-99,-99,0
1,2013,84,17505.6988,22.8,32.2,-99,-99,3.6
1,2013,85,21758.68654,23.7,32.7,-99,-99,0
1,2013,86,23329.92217,20.9,34.7,-99,-99,0
1,2013,87,13088.27524,22.4,30.3,-99,-99,0
1,2013,88,14974.52982,22,32.3,-99,-99,0
1,2013,89,16858.30921,22,32.5,-99,-99,0
1,2013,90,14808.12799,21.9,32.3,-99,-99,14.5
1,2013,91,19517.2398,23.5,32.6,-99,-99,0
1,2013,92,9456.178724,23.5,30.1,-99,-99,0
1,2013,93,19183.79043,22.7,33.1,-99,-99,0
1,2013,94,18545.48332,23.2,34.1,-99,-99,0
1,2013,95,17280.36745,24.3,33.8,-99,-99,0
1,2013,96,24628.90433,23.7,34.5,-99,-99,0
1,2013,97,19134.6367,23.2,34.8,-99,-99,0
1,2013,98,9428.744178,23.1,30.1,-99,-99,15.3
1,2013,99,17699.39864,22.4,33.6,-99,-99,0
1,2013,100,12224.34192,22.9,33.8,-99,-99,0
1,2013,101,16266.60672,24.3,33.4,-99,-99,0
1,2013,102,20455.34462,24.2,34.1,-99,-99,0
1,2013,103,22923.49372,22.8,35.2,-99,-99,0
1,2013,104,14667.46745,21.4,31.1,-99,-99,53.4
1,2013,105,9377.914613,22,28.9,-99,-99,6.3
1,2013,106,16961.92226,21.2,31.9,-99,-99,10.2
1,2013,107,20193.23301,22.4,32.6,-99,-99,10.8
1,2013,108,16769.56439,21.2,30.4,-99,-99,34.9
1,2013,109,9958.483638,21.9,34.99025949,-99,-99,33.7
1,2013,110,16884.18799,21.8,30.8,-99,-99,1.5
1,2013,111,13476.98804,20.6,30.2,-99,-99,23.9
1,2013,112,14997.74526,22.3,30.1,-99,-99,3
1,2013,113,14671.8125,22,30.1,-99,-99,0
1,2013,114,20936.97946,21.9,31.4,-99,-99,19.5
1,2013,115,24887.53057,21.9,31.7,-99,-99,0
1,2013,116,23935.71525,23.4,32.4,-99,-99,0
1,2013,117,22375.92134,22.7,32.5,-99,-99,0
1,2013,118,19144.66594,22.2,31.9,-99,-99,0
1,2013,119,9230.453437,21.5,33.60995287,-99,-99,24.2
1,2013,120,24101.08502,21.8,32.7,-99,-99,0
1,2013,121,15422.64956,22.4,30.8,-99,-99,60.7
1,2013,122,9193.716274,22,30.85458816,-99,-99,59
1,2013,123,18702.89885,22,32.2,-99,-99,0
1,2013,124,12790.12341,23.1,31.1,-99,-99,8.3
1,2013,125,9156.073115,21.8,32.42246112,-99,-99,60.2
1,2013,126,18317.95094,21.3,31.6,-99,-99,0
1,2013,127,9130.682772,21.7,31.30345349,-99,-99,51.2
1,2013,128,21710.5715,21.2,31.1,-99,-99,0
1,2013,129,11350.21816,21.9,27.6,-99,-99,74.9
1,2013,130,18655.60491,21.5,31.1,-99,-99,0
1,2013,131,19522.45401,23.6,31.6,-99,-99,0
1,2013,132,21726.99248,22.4,31.3,-99,-99,0
1,2013,133,12028.47495,23.7,29.8,-99,-99,0.7
1,2013,134,16168.11989,23.3,31.5,-99,-99,0
1,2013,135,9918.817148,23.4,29.3,-99,-99,6.5
1,2013,136,14936.82482,22.9,31.4,-99,-99,0
1,2013,137,15801.91639,22.2,29.2,-99,-99,34.3
1,2013,138,17402.18632,22.5,31.4,-99,-99,0
1,2013,139,8980.741618,23.4,27.3,-99,-99,2.9
1,2013,140,11322.32604,22.5,30.4,-99,-99,9.4
1,2013,141,11600.92392,22.4,30.2,-99,-99,10.8
1,2013,142,16425.235,21.9,30.1,-99,-99,14
1,2013,143,13327.88405,22.6,28.7,-99,-99,10.5
1,2013,144,15796.70837,22.4,30.3,-99,-99,1
1,2013,145,22786.20497,22.8,31.2,-99,-99,1.2
1,2013,146,8902.004679,21.3,31.10728814,-99,-99,41.3
1,2013,147,14863.23944,20.1,30.3,-99,-99,0
1,2013,148,18191.08132,22.4,29.7,-99,-99,0
1,2013,149,14973.45037,22.7,30.6,-99,-99,0
1,2013,150,14376.0689,21.1,30.7,-99,-99,0
1,2013,151,11461.65913,21.5,30,-99,-99,27.1
1,2013,152,16516.57846,21.7,30.3,-99,-99,0
1,2013,153,17367.13367,22.2,30.2,-99,-99,3.8
1,2013,154,8826.91054,21.8,28.3,-99,-99,14.2
1,2013,155,19642.01829,20.9,31.4,-99,-99,0
1,2013,156,22507.16186,22.7,30.9,-99,-99,0
1,2013,157,9668.098128,22,26.1,-99,-99,59.8
1,2013,158,10235.98187,21.6,27.6,-99,-99,19.9
1,2013,159,16842.30532,22.3,30.3,-99,-99,0.3
1,2013,160,23294.92913,21.1,32.5,-99,-99,0
1,2013,161,10500.95057,21.7,28,-99,-99,5.2
1,2013,162,13220.10055,21.4,30.2,-99,-99,13.2
1,2013,163,10201.2772,22.3,26.5,-99,-99,127.3
1,2013,164,14637.62044,21.8,29.2,-99,-99,0
1,2013,165,9331.317361,22.1,27.6,-99,-99,0
1,2013,166,12476.16267,21.9,29.6,-99,-99,10
1,2013,167,19338.64756,20.7,31.9,-99,-99,3.7
1,2013,168,13896.60661,21.7,30.2,-99,-99,17.4
1,2013,169,8745.12714,21.7,25.4,-99,-99,9.8
1,2013,170,18176.331,21.8,31.7,-99,-99,0
1,2013,171,14456.86319,21.3,29.7,-99,-99,16.2
1,2013,172,14597.22273,20.2,29.7,-99,-99,1.4
1,2013,173,20166.80803,21.9,30.4,-99,-99,0
1,2013,174,17165.55022,23.3,30.5,-99,-99,0
1,2013,175,17307.98218,22.3,29.9,-99,-99,4
1,2013,176,15737.09209,22.2,29.9,-99,-99,4.5
1,2013,177,21024.16253,21.4,31.7,-99,-99,0
1,2013,178,21312.6313,22.9,32.7,-99,-99,0
1,2013,179,20316.0695,21.9,30.5,-99,-99,0
1,2013,180,21321.30974,21.6,30.8,-99,-99,1
1,2013,181,12032.98805,21.3,30.1,-99,-99,6.4
1,2013,182,8746.809831,20.9,29.81718874,-99,-99,50.9
1,2013,183,16763.11438,21.2,30.1,-99,-99,0
1,2013,184,23212.2703,22.2,30.3,-99,-99,0
1,2013,185,22936.75269,20.8,30.6,-99,-99,0
1,2013,186,8760.876852,21.2,27.4,-99,-99,10.6
1,2013,187,17369.10017,21.4,30.6,-99,-99,0.5
1,2013,188,24123.41981,20.3,32.2,-99,-99,0
1,2013,189,23277.66542,22.1,32.3,-99,-99,0.4
1,2013,190,10792.54474,20.8,30.7,-99,-99,6.5
1,2013,191,12525.63756,20.9,29.9,-99,-99,37.5
1,2013,192,14693.76173,20.8,31.3,-99,-99,6.2
1,2013,193,14993.47933,20.6,29.3,-99,-99,23.2
1,2013,194,13708.31582,20.3,29.3,-99,-99,0
1,2013,195,18915.42305,21.9,32.5,-99,-99,0
1,2013,196,12432.23972,20.6,29.3,-99,-99,16.6
1,2013,197,13166.66893,21.3,30.2,-99,-99,27
1,2013,198,10284.10758,22,30.9,-99,-99,1.9
1,2013,199,15365.97429,21.8,30.9,-99,-99,0
1,2013,200,8853.313119,20,28.4213922,-99,-99,39
1,2013,201,12202.71863,20.9,29,-99,-99,7.7
1,2013,202,13815.26297,20.7,30.3,-99,-99,28.7
1,2013,203,24167.67005,21.2,30.9,-99,-99,0
1,2013,204,8889.678745,20.6,26.3,-99,-99,27.8
1,2013,205,20138.17953,19.7,29.7,-99,-99,0
1,2013,206,11539.73767,21.6,28.2,-99,-99,18.2
1,2013,207,8919.029499,19.9,24.4,-99,-99,23.5
1,2013,208,10541.02407,20.1,28.7,-99,-99,0
1,2013,209,13047.91662,21.3,30,-99,-99,1.4
1,2013,210,12329.25144,21.4,31.7,-99,-99,6.8
1,2013,211,13227.24836,21.7,32.2,-99,-99,3.8
1,2013,212,15601.29972,21.9,32.2,-99,-99,0.4
1,2013,213,12522.75795,24.3,30,-99,-99,27.5
1,2013,214,11947.49542,22,33.19476251,-99,-99,2.5
1,2013,215,20840.84855,25.6,30,-99,-99,0
1,2013,216,9754.853517,22.8,28.3,-99,-99,14
1,2013,217,20748.27249,25.6,30.4,-99,-99,0
1,2013,218,20181.65278,25.7,31.4,-99,-99,14.7
1,2013,219,9046.572229,22.9,28.30705505,-99,-99,33.1
1,2013,220,18596.21067,26,32.2,-99,-99,0
1,2013,221,12799.7413,25.6,31.4,-99,-99,4
1,2013,222,14609.59789,24.5,29.8,-99,-99,27
1,2013,223,13131.38235,24.2,30.7,-99,-99,4.9
1,2013,224,17494.99613,25.7,30.6,-99,-99,10.5
1,2013,225,11362.73033,24.8,28.8,-99,-99,3.5
1,2013,226,20696.69388,25.3,30.4,-99,-99,3.4
1,2013,227,15303.84568,24.9,30.6,-99,-99,0
1,2013,228,18940.52936,25.3,32.3,-99,-99,10
1,2013,229,11265.3665,25.1,29.2,-99,-99,0
1,2013,230,11278.11206,25.1,31.3,-99,-99,3.8
1,2013,231,14166.49393,25,30.3,-99,-99,7.9
1,2013,232,15546.62363,25.1,31,-99,-99,0
1,2013,233,16019.44882,26.2,31.3,-99,-99,0
1,2013,234,22267.15917,22.80244516,32.4,-99,-99,1.2
1,2013,235,18640.99771,26.6,30.7,-99,-99,12.7
1,2013,236,12111.15961,25.5,30.3,-99,-99,0
1,2013,237,9682.854343,23.5,30.6,-99,-99,2.9
1,2013,238,9233.415353,22.9,31.81606424,-99,-99,1
1,2013,239,12298.41314,24.7,29.9,-99,-99,0
1,2013,240,9248.724975,23.9,28.9,-99,-99,10.3
1,2013,241,9255.92723,23.1,26.3,-99,-99,4.8
1,2013,242,9262.812825,22.6,27.2,-99,-99,10.8
1,2013,243,9269.370997,25,32.1,-99,-99,3
1,2013,244,18786.19603,19.56076674,30.96076674,-99,-99,8.2
1,2013,245,23431.19937,20.5,32.88123754,-99,-99,0
1,2013,246,15752.44606,20.9,32.3,-99,-99,3.2
1,2013,247,9292.127789,20.8,28.5,-99,-99,5
1,2013,248,13460.26081,21.2,31.2,-99,-99,0
1,2013,249,16091.31781,21.1,32.1,-99,-99,6
1,2013,250,17026.92945,20.9,33.3,-99,-99,0
1,2013,251,12399.69722,21.6,30.6,-99,-99,5.8
1,2013,252,9312.083754,20.2,26.6,-99,-99,17
1,2013,253,19991.63732,20,31.8,-99,-99,0
1,2013,254,19535.576,21.2,33.3,-99,-99,0
1,2013,255,22331.11879,21.3,34.3,-99,-99,0
1,2013,256,24663.49354,22.1,34.8,-99,-99,0
1,2013,257,9321.767244,22.2,28.3,-99,-99,14.3
1,2013,258,9322.412593,20.6,28.6,-99,-99,19.4
1,2013,259,21114.49887,20.4,31.8,-99,-99,0
1,2013,260,11495.20159,21.9,29.3,-99,-99,12.4
1,2013,261,14755.06854,21.4,31.3,-99,-99,9.5
1,2013,262,15841.8891,20.7,32.4,-99,-99,5.2
1,2013,263,22829.42844,20.6,33.7,-99,-99,5.7
1,2013,264,26090.2163,20.9,32.9,-99,-99,0
1,2013,265,12886.78245,22.4,31.4,-99,-99,10.5
1,2013,266,20494.38058,21.9,34.1,-99,-99,0.6
1,2013,267,17850.26894,21.9,34,-99,-99,0.8
1,2013,268,11478.58391,22.2,30.4,-99,-99,6.3
1,2013,269,13182.04613,22.3,30.8,-99,-99,13.7
1,2013,270,13176.64042,22.7,31.8,-99,-99,14.5
1,2013,271,21086.2158,21.4,33.4,-99,-99,1.3
1,2013,272,10060.69972,21.3,29.6,-99,-99,14.5
1,2013,273,25255.5664,21.4,32.3,-99,-99,0.3
1,2013,274,17025.27613,21.7,31.7,-99,-99,22
1,2013,275,18875.09362,21.8,32.1,-99,-99,0
1,2013,276,19792.91539,20.9,33,-99,-99,0
1,2013,277,9250.896576,19.6,28.9,-99,-99,12.5
1,2013,278,24408.67092,19.8,33.2,-99,-99,0
1,2013,279,25319.17549,21.1,34.9,-99,-99,0
1,2013,280,16799.23081,21.7,29.5,-99,-99,10
1,2013,281,17402.74664,21.8,31.4,-99,-99,2
1,2013,282,20628.55176,21.6,31.7,-99,-99,1.4
1,2013,283,15212.05977,22.2,33,-99,-99,0
1,2013,284,16275.75735,22.2,33,-99,-99,0
1,2013,285,10100.36154,21.8,32.8,-99,-99,10.5
1,2013,286,10550.22486,21.9,30.1,-99,-99,11.2
1,2013,287,9154.542676,20.7,33.30598985,-99,-99,30.4
1,2013,288,23576.87876,20.7,33.1,-99,-99,0
1,2013,289,13733.37353,20.7,31.8,-99,-99,0
1,2013,290,13869.94682,20.9,30.8,-99,-99,7.5
1,2013,291,24568.53191,21.8,32.8,-99,-99,0
1,2013,292,25915.62312,21.7,32.7,-99,-99,0
1,2013,293,21760.05946,21.9,32.8,-99,-99,0
1,2013,294,22190.45395,21.8,32.8,-99,-99,0
1,2013,295,18047.33292,21.7,32.6,-99,-99,2
1,2013,296,17566.69005,21.7,32.6,-99,-99,48.8
1,2013,297,20583.53814,21.3,32.3,-99,-99,0
1,2013,298,19492.735,21.5,32.5,-99,-99,0
1,2013,299,21740.65401,21.6,31.8,-99,-99,0
1,2013,300,25042.72286,22.2,32.7,-99,-99,0
1,2013,301,25461.81473,21.7,33.6,-99,-99,0
1,2013,302,15606.62437,22,31.1,-99,-99,30
1,2013,303,12264.49705,23,30.6,-99,-99,0
1,2013,304,12848.50145,21.7,30.2,-99,-99,7.5
1,2013,305,14935.49972,21.6,30.4,-99,-99,1.5
1,2013,306,13861.17972,21.6,31.6,-99,-99,11.5
1,2013,307,16241.08399,21.7,31.7,-99,-99,30.5
1,2013,308,8873.720323,20.9,32.45370786,-99,-99,55
1,2013,309,21430.18946,20.9,30.1,-99,-99,3.2
1,2013,310,12880.18417,22.3,31.6,-99,-99,5
1,2013,311,23456.68302,21.4,32.3,-99,-99,0
1,2013,312,22826.36429,21.5,30.3,-99,-99,9
1,2013,313,14756.03692,22.1,32.3,-99,-99,19.1
1,2013,314,8788.615358,21.6,30.3,-99,-99,18.5
1,2013,315,11446.53964,21.7,29.9,-99,-99,0
1,2013,316,21360.86777,22.9,31.7,-99,-99,0
1,2013,317,18221.7394,23.1,31.8,-99,-99,31.5
1,2013,318,8734.010124,21.8,27.3,-99,-99,2.2
1,2013,319,9606.657406,21,29.9,-99,-99,0
1,2013,320,19767.01413,20.8,31.5,-99,-99,0
1,2013,321,16500.18056,23.1,32.3,-99,-99,0
1,2013,322,10300.22809,22.2,32.3,-99,-99,2.3
1,2013,323,10579.67813,21.7,30.6,-99,-99,0
1,2013,324,8804.549523,21.4,31.2,-99,-99,27
1,2013,325,9378.745694,21.8,32,-99,-99,2.7
1,2013,326,9366.342141,21.6,31.1,-99,-99,0
1,2013,327,12571.01644,22,31.3,-99,-99,0
1,2013,328,12847.82724,21.8,31.2,-99,-99,0
1,2013,329,13124.46131,22.1,31.9,-99,-99,0
1,2013,330,11506.2577,21.1,31.2,-99,-99,0
1,2013,331,16443.79295,21.2,31,-99,-99,22.8
1,2013,332,10462.77186,22.6,28.7,-99,-99,8.9
1,2013,333,15538.10005,21.7,29.7,-99,-99,0
1,2013,334,17555.72044,21.3,29.7,-99,-99,2
1,2013,335,14638.21287,23.1,31.2,-99,-99,0
1,2013,336,8537.328744,20.9,29.1,-99,-99,1.3
1,2013,337,19682.18559,20.9,30.7,-99,-99,0
1,2013,338,12285.54157,21.8,31,-99,-99,4.5
1,2013,339,21098.72021,21.6,32.3,-99,-99,6
1,2013,340,20506.15624,21.4,31.5,-99,-99,0
1,2013,341,12692.70749,21.7,30.3,-99,-99,28.5
1,2013,342,14561.83575,21.6,30.4,-99,-99,0
1,2013,343,14409.54058,21.8,30.7,-99,-99,0
1,2013,344,19306.35174,21.5,31.9,-99,-99,0
1,2013,345,16270.27169,22.2,32.2,-99,-99,0
1,2013,346,13237.3626,22.9,29.2,-99,-99,13.5
1,2013,347,14385.53121,21,30.4,-99,-99,0
1,2013,348,17838.56911,21.2,31.4,-99,-99,0
1,2013,349,12073.99889,21.7,29.6,-99,-99,0
1,2013,350,11639.92484,21.7,29.7,-99,-99,14.4
1,2013,351,11926.52601,22,30.2,-99,-99,0
1,2013,352,16245.05102,21.9,29.5,-99,-99,0
1,2013,353,11349.9043,21.3,30.1,-99,-99,0
1,2013,354,19845.62955,20.5,30.9,-99,-99,0
1,2013,355,19847.90475,21.6509485,31.7,-99,-99,0
1,2013,356,19851.29,22.4,31.8,-99,-99,0
1,2013,357,22222.58006,21.27312353,33.47312353,-99,-99,1.3
1,2013,358,15250.28591,20.6,31.4,-99,-99,0
1,2013,359,18138.36027,21.2,33.1,-99,-99,0
1,2013,360,19443.29237,22.3,33.1,-99,-99,0
1,2013,361,16711.04262,21.1,32.8,-99,-99,0
1,2013,362,22492.70343,21.1,32.5,-99,-99,0
1,2013,363,20772.25088,21.8,32.9,-99,-99,0
1,2013,364,22374.28234,21.1,33.3,-99,-99,0
1,2013,365,18340.67244,20.9,33.1,-99,-99,0
